0,1.0,5.6622054e-09,5.597917e-12,9.428224e-11,1.3207023e-08,2.8693372e-11,8.81501e-16,3.530479e-13,2.173587e-11,1.8050851e-13,
1,0.9998683,5.285518e-05,5.6098327e-07,3.043783e-07,6.678049e-05,2.0177254e-06,8.987947e-06,5.9016273e-08,5.848668e-08,2.3776641e-07,
2,5.7311047e-07,1.8131534e-07,1.1722652e-07,2.9277902e-05,0.99996877,2.688235e-08,9.4573414e-07,2.0453814e-09,4.1186148e-08,3.639354e-08,
3,0.00016931228,0.0017867708,0.99802554,3.4432563e-07,4.3479105e-08,1.4438881e-06,1.51674085e-05,8.785484e-08,1.2887614e-06,9.8930194e-08,
4,0.9772406,1.2388718e-06,0.0033941916,0.01936175,1.3616248e-08,3.5909653e-07,1.225477e-06,5.9992715e-07,3.5980436e-09,8.849722e-09,
5,2.7840233e-06,4.9109186e-08,3.5883236e-08,1.301207e-06,0.99998295,8.7661896e-08,1.23049795e-05,2.3112144e-10,4.0378725e-07,1.3043808e-07,
6,0.9999187,8.381562e-08,2.157371e-09,8.122042e-05,5.308605e-08,4.852863e-09,5.4593197e-10,1.3464198e-09,6.5283823e-10,6.626675e-10,
7,0.999869,2.8263366e-07,6.792727e-07,5.704045e-07,0.00012933256,3.314515e-08,3.3023927e-08,3.3530156e-08,2.2802299e-08,3.27981e-10,
8,0.9826481,0.008273653,0.0058763786,0.0014755776,0.0002618386,4.515161e-06,1.3861774e-06,0.0014578865,6.524693e-07,4.1330324e-08,
9,0.99999857,5.414391e-08,2.48159e-08,1.3347961e-06,3.4957537e-08,3.4074015e-09,9.054492e-11,5.8825368e-08,8.134795e-10,1.5823834e-10,
10,0.042708345,0.00092910486,0.93965936,0.00012684391,4.582817e-06,0.0001953119,0.015069689,1.8920261e-06,0.0011531671,0.00015168969,
11,0.9999914,1.3589876e-09,1.0797989e-09,1.5496988e-06,4.8725175e-09,7.0525753e-06,4.8210488e-11,4.3693467e-09,1.917871e-11,3.6247288e-12,
12,0.95040995,0.036630806,5.7060195e-05,6.112781e-05,0.010954993,8.3527586e-05,5.1535753e-06,0.0011760824,0.00060115143,2.013967e-05,
13,0.004214967,9.8518474e-05,0.99558085,9.678079e-05,2.1582428e-08,8.0243495e-07,4.6756563e-06,1.309886e-06,2.07559e-06,3.922441e-08,
14,0.9479521,0.0006898915,0.006687758,0.02694497,0.016741272,9.4303505e-05,9.1753005e-05,0.0006364859,0.00015221752,9.268908e-06,
15,0.9671098,4.4401386e-06,0.001037957,0.03183718,2.8465828e-07,1.4455003e-07,4.4200846e-07,9.671018e-06,1.4855071e-07,1.6761962e-08,
16,0.8743947,0.032639213,0.0039029622,0.011925588,0.048726074,0.011604248,0.010706117,0.003720198,0.0013413094,0.001039528,
17,0.0010385541,2.7138394e-06,6.207078e-06,3.2175526e-06,0.99894685,5.791321e-07,3.765729e-07,1.09342686e-07,1.1509654e-06,3.1395203e-07,
18,0.9999943,2.631448e-07,3.669979e-08,5.3199087e-06,9.070024e-08,2.1260342e-09,7.662052e-11,5.670863e-09,1.6207335e-09,1.5821593e-10,
19,0.99071234,0.0006461802,4.2406213e-05,0.0052211797,6.995325e-05,0.0030553855,4.9424933e-05,0.00018861366,9.9064655e-06,4.5982174e-06,
20,0.9998661,1.944826e-05,1.416443e-06,0.00011186846,9.0297027e-07,5.880973e-08,1.3118406e-10,7.279006e-08,7.925824e-09,6.9636824e-10,
21,0.9990589,2.4360122e-06,2.1418778e-08,0.00090337143,3.4789547e-05,9.0521944e-08,2.6334845e-08,2.9993262e-07,9.934744e-08,1.941584e-08,
22,0.99497694,1.684862e-05,0.0017996868,0.00025593032,0.0028655143,2.91849e-06,4.4085286e-06,7.571247e-05,1.8376903e-06,1.5196353e-07,
23,0.99830484,0.0016273194,1.7608007e-05,1.6954095e-06,4.6524678e-05,1.1624421e-06,1.1016884e-09,4.3824917e-07,3.40923e-07,4.2407212e-08,
24,0.9995142,2.6030455e-05,4.0611553e-10,0.00045454432,3.476481e-06,1.6860905e-06,2.6705127e-10,2.3043771e-08,9.494301e-10,7.5849504e-10,
25,0.99963653,1.7784496e-05,1.09271e-06,1.1493111e-06,0.00033973737,3.8856982e-07,4.258512e-08,2.4843496e-06,6.8318644e-07,2.5361688e-09,
26,0.9999875,1.8482714e-08,4.607983e-09,1.2482301e-05,1.6181982e-10,1.0851007e-09,4.4310372e-10,8.8811784e-11,2.9903125e-11,1.2678189e-11,
27,0.9999994,1.5411636e-07,1.8455593e-12,4.892673e-07,8.027678e-10,4.6279176e-09,1.3283373e-10,3.0784063e-11,1.140331e-11,3.4990782e-12,
28,0.0043987273,0.011485593,0.78919685,0.0015927738,0.16578616,0.0074952384,0.003986671,0.0033091113,0.011138888,0.0016099138,
29,0.99604934,0.00053171866,4.3105083e-06,0.0025418894,0.00082655984,1.5400132e-05,8.20145e-06,1.7484203e-05,4.934087e-06,2.0908132e-07,
30,2.5914608e-06,8.979694e-05,0.9997807,0.00012037365,5.948468e-09,6.09957e-07,9.395787e-07,1.2214332e-09,4.8636393e-06,1.04468585e-08,
31,0.99987316,3.849797e-06,4.8462694e-05,1.8247789e-05,1.8262344e-05,2.6920794e-05,1.2030047e-07,7.186683e-06,3.440115e-06,3.0279526e-07,
32,0.0038051417,0.00028197098,0.31132948,0.6800233,0.0039286003,1.676548e-05,1.8143008e-05,0.00054961484,2.8054357e-05,1.886058e-05,
33,0.9999629,2.8649087e-05,1.051553e-06,4.978417e-06,1.7708847e-07,5.507209e-07,1.3663014e-09,1.6667659e-06,4.329859e-08,7.464033e-09,
34,0.9989059,1.287021e-05,3.321272e-08,0.0010799619,1.2360416e-06,5.3348916e-08,1.162442e-10,3.0356624e-08,9.723773e-09,2.1215747e-09,
35,0.9999995,1.4442396e-09,3.0147896e-12,4.5960522e-07,1.003216e-09,6.419598e-11,4.3447715e-14,3.9474864e-11,4.985512e-12,1.8330738e-12,
36,0.99999845,4.3725304e-08,7.7057033e-10,5.0198334e-10,1.5342149e-06,2.1979481e-10,6.604678e-14,4.6717225e-10,3.8704828e-10,9.6367974e-12,
37,9.900971e-07,2.8080132e-05,0.99987936,7.646319e-05,1.1963203e-07,1.0440087e-05,1.0229397e-06,2.7450317e-06,4.9474767e-07,2.6507354e-07,
38,7.2786554e-07,4.2221185e-07,2.2013346e-06,0.9977943,1.1238797e-07,4.834476e-06,0.0021900046,5.96148e-06,3.523481e-08,1.517141e-06,
39,0.99998605,1.3175297e-05,4.632887e-10,7.6608205e-07,3.8833576e-08,1.6724768e-09,1.276821e-10,1.0468674e-08,3.7775255e-10,5.0823703e-11,
40,0.9991105,4.260538e-05,0.00014363474,5.060469e-07,0.0006882327,7.6679e-07,7.804568e-06,4.4788783e-07,5.567958e-06,8.0856154e-08,
41,0.91884464,0.0012982691,2.9534733e-05,6.1257674e-06,0.07913721,5.9893595e-05,0.0005139028,9.393623e-05,1.4925765e-05,1.4844304e-06,
42,0.00020862638,4.1495594e-05,1.4832159e-05,3.8449023e-05,0.9982492,6.4883784e-06,0.001386149,1.5111157e-05,3.746639e-06,3.5944817e-05,
43,0.9999999,4.2852744e-08,2.9440184e-10,1.14060775e-11,2.4800564e-11,1.0731485e-07,1.5660157e-10,1.2856761e-09,6.9577996e-11,1.7648692e-12,
44,0.99996257,1.9976756e-05,1.1899283e-05,2.806469e-07,5.283882e-06,5.248039e-08,1.7275913e-09,7.1378397e-09,1.1424172e-09,2.642519e-10,
45,0.20391531,0.13709171,0.48259023,0.030100677,0.011600373,0.123708084,0.0011437063,0.003755301,0.006005743,8.888975e-05,
46,0.9834653,0.012787952,0.0010519654,0.00029025922,0.00079019996,2.847912e-06,0.0014724466,6.692549e-05,3.8055685e-05,3.403958e-05,
47,1.17641375e-05,4.924549e-06,5.6471356e-07,0.0006556508,0.99932635,2.5139414e-07,5.9410063e-08,3.799915e-07,7.432075e-08,2.2131555e-08,
48,0.99999976,1.9144407e-07,1.5158416e-09,1.18002585e-08,9.317287e-09,3.411774e-10,1.1593013e-11,5.7933713e-10,1.3573953e-09,5.346739e-11,
49,0.99782854,1.8254379e-05,7.5254375e-06,0.0021003261,3.644345e-05,1.3047632e-07,1.892141e-08,8.754539e-06,9.587701e-08,4.1290026e-08,
50,0.9998437,6.145274e-08,6.311343e-05,9.1969465e-05,3.8589076e-07,4.9907573e-08,6.2153056e-08,6.783719e-07,2.689581e-08,1.1255268e-09,
51,0.004338499,8.5862595e-08,6.154644e-08,0.9956528,1.2648817e-07,7.458697e-06,5.827952e-09,8.4722564e-07,5.6137356e-10,9.616897e-10,
52,0.9999796,1.2450921e-07,1.2358582e-08,2.0198551e-05,3.4957207e-08,8.6245436e-08,1.2609709e-09,6.9515105e-09,1.2546278e-09,3.061174e-10,
53,0.99996364,1.2886038e-05,5.113391e-07,9.786881e-06,1.319556e-05,1.469233e-08,1.5990039e-12,9.5057226e-11,2.4045719e-09,5.5077793e-11,
54,0.9999995,1.7411862e-08,6.7076615e-09,2.152432e-09,1.9204948e-07,6.552716e-09,2.1615913e-08,7.164917e-10,2.2838674e-07,1.0499365e-09,
55,7.4625785e-07,0.012865304,0.0060394085,5.1396882e-09,8.941295e-07,0.98031574,1.7753957e-05,0.00044548372,0.0002825611,3.2141856e-05,
56,0.06018219,0.0063671293,0.20095685,0.03027378,0.66529524,0.02917104,2.0274301e-05,0.00049384864,0.0049809,0.0022587625,
57,0.9997979,2.0189535e-08,4.2983997e-05,0.00015911052,4.0910194e-08,7.2298945e-10,1.7398019e-09,4.2554866e-09,9.2093985e-11,1.4771048e-10,
58,0.99991024,9.340577e-06,3.9405256e-07,7.897699e-05,7.0863143e-07,3.7232618e-07,1.1070106e-08,1.4079249e-08,2.769405e-08,2.1355238e-09,
59,2.5456426e-08,4.127114e-10,1.6628518e-10,3.8794762e-10,1.0,4.6202395e-12,7.965214e-13,7.073417e-13,1.232065e-13,3.1442446e-13,
60,0.999992,6.5799395e-07,1.3441309e-07,7.2436264e-06,5.8055516e-09,5.886233e-09,2.0678764e-11,4.5768703e-10,2.12154e-10,5.111273e-11,
61,0.17130335,7.721173e-06,2.8944014e-06,1.5371625e-06,2.2694046e-05,1.6183523e-05,0.82837164,4.866105e-09,0.00022725483,4.6789915e-05,
62,1.445282e-07,2.346019e-08,3.6391443e-10,6.029901e-10,0.9999999,3.5755756e-11,1.824533e-11,3.5071357e-13,4.57554e-12,5.287836e-11,
63,0.043661866,0.0003487811,0.9554266,4.4105645e-06,2.0969588e-05,0.00037521147,9.63484e-05,6.2876734e-06,5.9242702e-05,2.2016528e-07,
64,0.99999917,1.3427741e-08,3.7766026e-10,8.3752644e-07,4.9618394e-09,6.542648e-09,1.1668736e-12,8.6044266e-10,9.386906e-12,1.3245053e-12,
65,0.9999881,3.754401e-08,1.8564249e-10,5.528457e-06,3.995912e-09,6.2601257e-06,7.1218795e-09,8.227939e-08,1.2029747e-10,2.195758e-11,
66,0.9997991,1.1034311e-07,3.25854e-08,0.00020088711,6.5204615e-09,4.7958526e-09,1.3827653e-10,7.5769024e-10,2.0813107e-10,7.595652e-11,
67,0.94366765,0.0016307741,0.048004337,0.005941656,0.0004462821,4.8170667e-05,1.4001895e-05,0.00018174063,6.241564e-05,2.928808e-06,
68,0.9999933,1.2442968e-06,1.4532903e-07,4.8384168e-06,3.2581428e-07,7.889746e-08,4.4497125e-10,5.445163e-08,1.5412931e-08,4.680868e-10,
69,0.9998869,3.7569993e-05,1.151859e-05,5.835437e-05,2.6265864e-06,1.3516976e-06,2.0982002e-07,1.5652774e-06,2.5011031e-08,3.0533114e-09,
70,0.9994904,7.160058e-05,2.131597e-06,0.00018638794,6.957436e-06,0.00015342692,2.661157e-06,8.5164946e-05,6.991381e-07,6.62122e-07,
71,0.047598,8.6623266e-05,0.0163705,0.92784256,0.007862866,8.731798e-05,7.4899544e-06,0.00014349683,2.845333e-07,8.730116e-07,
72,0.9998996,6.672837e-08,2.6368422e-08,9.941489e-05,1.6852791e-08,6.653985e-09,1.9930588e-09,8.922232e-07,2.5073085e-10,3.2012296e-11,
73,0.99971,8.015084e-06,4.3872906e-06,2.8736727e-05,0.00024757834,3.565932e-07,1.0718388e-08,8.3816786e-07,8.524464e-08,7.775597e-09,
74,0.99980503,1.1335667e-05,1.3370233e-06,0.00016734417,1.0703027e-07,8.3796056e-07,1.2854429e-05,8.053433e-07,1.0344541e-08,3.6663164e-07,
75,9.865413e-09,1.5787371e-07,0.9999924,1.6134308e-08,2.767792e-10,8.126472e-08,7.3473993e-06,6.6071176e-11,3.9512338e-10,4.8217186e-10,
76,0.9999342,2.2420969e-05,1.6062535e-06,1.5500824e-05,1.618562e-05,4.717279e-06,8.562719e-08,4.937084e-06,3.535615e-07,4.253342e-08,
77,2.062926e-05,1.0326622e-07,0.9999763,1.3438555e-06,1.7907521e-10,6.542543e-07,9.1808306e-07,1.2726484e-10,4.9823234e-09,4.1582764e-09,
78,2.018201e-05,3.721113e-05,1.1855635e-07,3.61356e-09,0.9999423,5.375459e-08,2.5315513e-08,1.18904644e-07,5.102757e-08,2.822118e-09,
79,0.9998901,8.713631e-05,3.424414e-07,1.6330158e-06,8.620087e-06,3.9602987e-06,1.6502175e-07,6.142407e-08,7.930064e-06,1.6117795e-07,
80,0.9999999,5.2812016e-08,8.463107e-13,6.2726317e-09,6.5845036e-09,9.468615e-10,2.231293e-12,1.4336811e-10,3.8611903e-10,3.327091e-12,
81,0.9990171,0.00027028203,0.00045432345,0.00024155667,1.3178613e-06,1.4059507e-05,3.493194e-07,4.780872e-07,1.6769657e-07,3.0619213e-07,
82,0.5724889,0.0049798307,0.41882667,0.0017512713,0.00018136075,0.0013047978,2.9968063e-05,1.1628132e-05,0.0004071323,1.8603956e-05,
83,0.61719006,0.25585586,0.059812035,0.062353756,0.001453508,0.0017649096,0.001012457,0.00048440404,5.8883583e-05,1.4078414e-05,
84,0.007948162,3.7967096e-05,0.610328,0.38008383,0.00012622023,0.00016563038,0.00082335604,0.00018945461,0.00021416652,8.303602e-05,
85,0.9670329,1.5938529e-05,8.744307e-05,0.032858193,4.9341486e-07,4.147596e-06,3.2463842e-07,4.4295817e-07,4.5803997e-08,1.2987722e-07,
86,0.9584739,0.0020990411,0.028101616,0.0008727957,0.0014059667,0.002670915,8.27259e-05,0.0060987906,0.00017845804,1.5690033e-05,
87,2.3337425e-07,0.0020312218,0.0009988832,0.00017903557,0.9967873,2.3367927e-06,6.0700756e-08,9.2903326e-07,4.4331907e-09,3.4192695e-08,
88,3.2329927e-11,1.4070225e-08,1.9541857e-10,0.4309575,3.2682034e-14,0.5690213,1.0835359e-05,9.906587e-06,1.8240942e-11,4.5243746e-07,
89,0.9998123,6.556247e-05,6.3042057e-06,5.9999977e-05,9.920841e-06,1.7252558e-05,8.682286e-07,2.7677019e-05,2.2834291e-07,1.631508e-08,
90,0.9999994,2.1001401e-07,1.1981099e-08,1.1772654e-07,2.9044273e-07,1.651625e-08,8.8614525e-11,4.9268317e-10,1.8470202e-09,2.8516872e-10,
91,0.9999989,7.2018684e-09,7.294225e-10,7.621346e-08,9.763281e-07,2.598869e-09,2.1243689e-10,5.031712e-10,9.596874e-11,6.424984e-11,
92,0.99999905,1.6999469e-07,1.6216192e-13,8.1934854e-07,4.7728527e-10,6.3002376e-10,1.1648306e-11,3.0053267e-12,1.1701303e-11,1.1067645e-12,
93,0.9999925,1.7507632e-06,1.17660575e-08,1.3841846e-08,4.0145833e-06,1.5874494e-06,2.82568e-09,6.578279e-09,6.358669e-08,8.0199086e-10,
94,0.99980575,5.085689e-08,8.406839e-08,0.00019380776,7.754717e-09,2.800511e-09,1.1319772e-09,3.175078e-07,1.1853225e-09,1.2058977e-10,
95,0.44930747,0.004886013,0.0018919058,0.303332,0.23163287,0.008883833,1.993725e-05,4.3602267e-05,3.9357866e-07,1.9944562e-06,
96,0.0067263544,5.779546e-05,0.890143,0.10287245,1.7057273e-06,5.2822626e-05,0.000106167376,5.8783507e-06,3.021462e-05,3.5950054e-06,
97,0.99905044,5.9711118e-05,6.69352e-06,3.0810894e-09,0.0006662419,2.1836795e-06,3.1080532e-08,0.00021309273,1.628902e-06,3.4259917e-09,
98,0.589861,2.1773142e-06,0.007268406,0.40285948,2.8302223e-08,1.3246151e-06,4.0879654e-06,3.4019338e-06,5.9383782e-09,6.1094624e-08,
99,0.97924894,0.01666987,0.00012309197,0.0038656464,3.832344e-05,1.3217906e-05,1.0832146e-06,3.7016624e-05,2.152767e-06,6.0398446e-07,
100,0.005560663,0.00018708142,4.443717e-07,9.6305856e-05,0.99414694,2.4943415e-06,5.200682e-06,3.9193864e-07,8.939448e-08,3.125979e-07,
101,1.0,2.9074576e-09,6.943161e-12,4.543451e-08,9.13465e-10,3.6142613e-11,4.7788748e-15,9.794938e-12,1.3594931e-11,3.3588619e-13,
102,0.99639004,0.0035860839,2.5002315e-08,1.9161544e-05,4.4719322e-06,6.1946395e-08,8.13161e-10,5.9214038e-08,2.1350726e-08,5.341536e-09,
103,0.99999845,6.176109e-08,8.263805e-08,1.7573562e-08,9.87598e-07,3.4269775e-07,7.4107956e-11,2.0898625e-09,1.1076406e-08,1.1732477e-10,
104,0.99991333,4.4875355e-06,2.3599189e-06,7.331735e-06,2.8717088e-07,9.259789e-06,1.5339108e-07,6.2658364e-05,6.392408e-08,1.7723874e-08,
105,0.9999933,3.1705834e-09,5.89949e-06,8.678241e-08,5.553441e-07,1.6358304e-07,1.1402507e-10,2.9668657e-08,1.7975368e-11,7.424789e-12,
106,1.0494851e-06,2.1084117e-05,0.9999076,5.7853213e-05,3.8651207e-11,3.76973e-06,4.1448056e-06,2.1881252e-09,4.4104986e-06,5.920146e-08,
107,0.99999166,1.0714069e-06,4.614367e-10,6.6217644e-06,6.525868e-07,2.0090594e-09,1.7178987e-09,3.9812966e-09,2.964178e-09,1.1127356e-09,
108,0.99999785,6.3556143e-07,1.8816657e-07,7.5528135e-07,4.622917e-07,1.4645352e-08,2.1509521e-08,5.035245e-08,1.0076697e-08,2.527691e-09,
109,0.77776337,0.00013034068,0.0026631104,0.15444227,0.06452578,0.00026667496,7.0916176e-05,1.0406188e-05,2.3997052e-05,0.00010312852,
110,0.9999956,2.8711277e-06,4.2876472e-10,1.3070353e-06,1.4683505e-07,5.2222006e-08,3.8222998e-11,4.495192e-09,4.2084176e-09,5.864466e-10,
111,0.00012223735,1.6626513e-10,4.2301245e-08,0.99987745,9.447369e-08,3.5247236e-10,5.6868174e-08,8.616444e-08,8.046587e-12,2.9271302e-10,
112,0.95996475,0.00017943568,0.0015533094,0.037918925,0.00029978662,3.3322843e-07,6.834033e-05,1.0479559e-05,3.210538e-06,1.3849076e-06,
113,0.9945117,0.004417915,0.00031851637,0.0002867603,4.079397e-05,2.1032227e-05,0.00011137205,1.3832619e-05,0.00025825773,1.9812649e-05,
114,0.0030684336,0.0002653904,0.99665403,6.4533333e-06,5.2684808e-09,1.6937217e-06,1.8715357e-07,1.23434925e-08,3.7566037e-06,3.478153e-08,
115,0.9471429,0.0041036736,0.0049390825,0.0027747836,0.01604749,7.176549e-05,0.0013636723,0.023131978,0.00040234704,2.2165226e-05,
116,5.935173e-11,8.067647e-06,1.8119211e-12,5.3073457e-10,1.605903e-13,1.7419212e-06,1.3637415e-06,0.9999876,2.0960654e-07,1.157463e-06,
117,0.9999937,6.4370674e-08,1.5342382e-10,6.247159e-06,2.767099e-10,2.6146114e-09,1.2713629e-10,6.568635e-12,2.5304755e-11,5.3370754e-12,
118,0.9995427,0.0004329954,5.4520765e-06,3.2164276e-06,1.4379412e-05,2.2478375e-09,4.873481e-09,9.573188e-07,2.54556e-07,2.3330071e-09,
119,0.9887539,1.9761652e-05,0.0001374803,0.0056698136,0.0003121638,0.00013325467,0.0001445495,0.0048265443,2.056556e-06,3.7746986e-07,
120,1.0,7.1045873e-12,2.8989764e-15,8.055796e-14,2.3346095e-12,7.9595494e-13,2.6896663e-13,3.7032644e-13,1.1022026e-12,3.223273e-14,
121,0.9947425,0.0020664793,1.0085006e-09,0.002771097,2.1232299e-10,0.00041486515,5.6535323e-09,4.4921917e-06,2.3766752e-07,3.8132677e-07,
122,1.1502773e-06,0.0002702411,7.928031e-10,5.0355865e-14,7.641832e-09,0.004258597,5.205793e-05,1.0572024e-07,0.9878879,0.007529975,
123,1.2179717e-07,2.4711535e-06,0.9999964,9.950574e-08,2.523182e-10,2.3470012e-07,2.3486672e-07,5.1508564e-10,3.05875e-07,2.1383124e-09,
124,0.99864644,3.8656064e-05,0.0010689264,0.0002370929,9.619699e-07,9.769427e-07,2.2362697e-06,2.685528e-06,1.9621602e-06,1.16041306e-07,
125,2.6426264e-06,7.1608575e-10,2.1588097e-08,0.9999974,1.2736279e-09,6.122678e-11,2.0163995e-09,1.460083e-08,1.1533563e-12,7.9784145e-11,
126,0.99999976,6.438335e-08,1.5399497e-10,1.1863227e-07,3.2741664e-08,4.5948223e-09,1.0030902e-12,3.106949e-09,6.9452694e-11,6.525954e-12,
127,1.0366862e-09,1.2288565e-10,1.4563793e-12,6.76292e-05,8.865842e-10,3.8382254e-07,0.99993145,4.3799157e-12,6.400588e-08,3.540937e-07,
128,0.00022187925,0.0032610763,0.6724368,0.00026777253,0.00013682837,0.0008279356,0.322699,4.086754e-05,8.1866725e-05,2.6026359e-05,
129,0.999418,0.0004775927,1.9500774e-06,3.6667017e-05,2.7692025e-05,3.486377e-05,2.9055707e-06,1.3386626e-08,2.0667686e-07,1.4956574e-07,
130,0.9999536,4.912623e-07,6.264696e-07,4.444509e-05,6.651832e-07,1.1260032e-08,6.37636e-08,4.241522e-09,8.6767e-09,4.8368887e-09,
131,0.99999523,6.626333e-07,7.7137813e-10,4.1187436e-06,1.0153005e-09,2.1709116e-08,8.360358e-12,4.578867e-10,3.7179165e-10,9.573145e-11,
132,0.999744,1.1925404e-06,1.2224488e-05,0.00023838632,7.175921e-08,2.1386423e-08,2.776756e-08,3.86996e-06,6.806399e-08,2.1404125e-09,
133,1.7937833e-05,0.00019726623,0.9997749,4.5102997e-06,3.7725396e-09,2.5014149e-06,1.4877106e-06,2.2908564e-08,1.4199139e-06,2.8074316e-08,
134,0.9999999,6.2138696e-08,2.1305062e-10,7.606232e-09,2.554553e-08,8.6850116e-10,2.6030678e-13,4.582461e-14,2.4986998e-13,3.584898e-14,
135,0.99994564,2.614202e-05,4.5280647e-08,1.7763716e-05,8.270844e-06,2.019433e-06,3.137682e-09,8.604479e-09,2.1158723e-07,3.59062e-08,
136,1.0,1.0048653e-09,3.1021442e-11,1.5799051e-08,6.8274097e-09,1.7216295e-09,3.7917282e-13,5.6363094e-14,1.7715023e-13,6.605775e-13,
137,0.9093821,0.00014169581,0.00034617865,5.0060655e-05,0.07880241,0.01108752,0.000161673,1.7884555e-05,9.936584e-06,4.6723198e-07,
138,0.9999976,1.9871322e-06,7.21896e-11,3.9128543e-07,5.0234448e-08,3.656185e-08,8.8067095e-11,4.817864e-10,7.3472166e-11,1.1566528e-11,
139,0.99999905,1.1758774e-08,1.06531615e-11,9.885267e-07,3.0327163e-10,7.203322e-10,5.4981963e-13,1.7054229e-10,1.3892203e-10,1.1932773e-11,
140,9.271659e-06,8.86402e-08,1.6907586e-06,0.9999881,7.4556203e-07,8.381632e-08,4.0531308e-08,4.411337e-08,2.5591302e-09,1.0581656e-08,
141,0.023711683,0.00083034276,0.93956023,0.0013746824,0.028456366,0.0013488021,0.0007629437,0.001824783,0.0020343177,9.594153e-05,
142,0.999997,2.468518e-07,3.2161112e-09,2.7400815e-06,1.977584e-08,9.244102e-09,2.9608458e-11,7.804072e-09,7.782336e-10,2.7771702e-10,
143,1.4600127e-14,1.0,4.372809e-17,3.046024e-17,1.0807033e-11,1.1362693e-15,6.2512514e-17,7.0738716e-18,3.7839452e-14,1.3856998e-13,
144,3.8463018e-06,1.0523063e-07,0.99998915,6.806011e-06,1.1819227e-13,1.7405197e-09,1.4084665e-07,5.142423e-11,2.7480073e-08,1.0161927e-10,
145,0.9917412,4.8838765e-06,0.0043214443,0.003733003,8.800386e-05,7.559512e-05,3.376128e-05,1.4935536e-06,5.7550164e-07,1.7819828e-07,
146,3.6285147e-10,2.1833896e-06,7.2824075e-10,0.9999701,1.160165e-11,6.0814664e-06,8.101236e-06,1.313072e-05,1.794615e-10,4.6649677e-07,
147,0.89309394,0.0045511574,0.09643929,2.6032112e-05,3.1353873e-06,0.0003925392,0.005301622,2.7429627e-05,0.00014891877,1.5994006e-05,
148,0.99674356,5.834332e-05,3.767303e-06,0.002478083,5.6677186e-06,0.0005712618,8.730874e-05,4.7945476e-05,3.4490527e-06,6.157747e-07,
149,0.011702751,1.4001503e-05,0.18719795,0.8010008,3.3223976e-05,1.013753e-06,4.902615e-05,1.5697532e-07,7.076984e-08,9.4632395e-07,
150,0.9999764,1.0333294e-05,1.4206165e-07,1.5693937e-06,1.0583275e-05,6.469663e-07,1.8422279e-09,2.0459794e-08,3.5749463e-07,6.0730914e-09,
151,0.999428,1.8741166e-06,2.1424487e-06,2.9909397e-06,0.00056258554,7.105036e-08,1.0651527e-07,1.8767922e-06,3.1418114e-07,2.7458366e-08,
152,0.9999951,6.395373e-07,6.337454e-10,4.2960814e-06,4.808951e-08,3.1637506e-09,5.157526e-13,1.008887e-10,4.668477e-12,9.187046e-13,
153,0.9999893,1.7708402e-07,3.7229984e-09,1.0600726e-05,2.667843e-08,1.314588e-09,1.8669606e-12,7.8892093e-10,8.65616e-10,1.0238133e-10,
154,0.9996877,6.093288e-05,1.494394e-07,1.2469209e-05,0.00014232578,3.3016066e-05,4.2187194e-06,3.0360183e-05,2.747757e-05,1.3634677e-06,
155,0.9994609,0.00011766288,2.8792965e-06,0.00039103426,4.0967184e-06,3.6595552e-06,3.2392117e-07,1.6414759e-05,2.8503093e-06,2.7063416e-07,
156,0.99993503,8.9026247e-07,2.428799e-09,2.2035092e-06,8.029513e-06,5.185027e-05,1.2572984e-08,3.5555917e-07,1.6567988e-06,5.664141e-08,
157,0.99960464,2.2755428e-05,5.1845447e-05,5.074948e-08,0.00032033504,3.193394e-08,2.4275995e-08,2.0170738e-08,3.7577334e-07,1.0802283e-08,
158,0.9999995,6.195973e-08,3.2745324e-09,5.1951266e-09,4.153112e-08,2.1474948e-09,6.2798176e-11,3.8591628e-07,1.6871503e-10,3.209357e-11,
159,5.6299903e-13,2.4561013e-09,5.9678385e-13,0.9999993,7.438518e-14,5.8901644e-08,9.324755e-08,4.7732976e-07,7.577013e-15,2.99603e-10,
160,6.4803944e-09,3.827421e-05,5.123381e-10,7.885643e-07,2.2667635e-07,1.3003348e-06,0.9999372,1.5398578e-08,1.9722816e-05,2.4195672e-06,
161,0.99999666,7.9625867e-10,2.6542195e-12,3.3821862e-06,2.5861127e-11,4.0443173e-11,1.8772957e-14,3.0708843e-12,1.9112374e-12,5.689293e-13,
162,2.079178e-07,1.901234e-06,0.9999968,1.0805871e-06,3.4345814e-11,7.962197e-09,7.0526087e-09,2.1913337e-11,1.1652425e-09,3.8372958e-10,
163,0.8082164,0.00082342746,2.5196447e-05,0.00017278276,6.7018824e-05,0.18454935,0.005189131,0.00081111613,0.00013651424,9.113929e-06,
164,0.71882606,3.0395245e-08,3.4439225e-09,0.27819106,1.139122e-08,0.00297202,1.0488737e-05,2.1189466e-07,2.1948484e-08,1.7389169e-07,
165,0.6673106,6.409902e-07,2.2054571e-06,0.33221808,1.2383232e-05,0.00012434728,0.00032933013,2.209676e-06,1.9517362e-08,1.66674e-07,
166,0.99964035,1.1111871e-05,0.00015400382,9.039252e-05,9.490243e-07,7.131792e-05,2.843166e-05,3.1101588e-06,7.239512e-08,2.434304e-07,
167,0.030299885,0.0008159763,0.00037692417,0.00013134559,0.96785295,0.0002391761,9.5285895e-06,0.00026785632,6.038245e-06,4.7584373e-07,
168,0.9999976,1.6150503e-07,3.3727552e-08,1.0225965e-06,1.0801018e-06,4.5818442e-08,9.676771e-13,2.7730723e-08,2.7628708e-09,1.01625944e-10,
169,0.00055198895,0.00015393457,0.986016,0.013268687,3.6404768e-09,5.601353e-06,1.557797e-06,1.4962974e-07,2.0181262e-06,7.191141e-08,
170,0.995539,0.004411463,4.344387e-05,2.1874541e-06,1.215509e-07,3.8141948e-06,8.0078815e-09,5.420316e-09,2.9106992e-08,7.669809e-09,
171,0.9999999,8.040497e-09,1.7988623e-11,9.439897e-08,3.463475e-09,9.999953e-10,8.853356e-13,1.1718108e-11,3.2464176e-13,9.043633e-14,
172,0.9999957,3.812593e-08,2.4429324e-08,4.02828e-06,3.4364113e-08,1.8207747e-07,6.19802e-11,2.8256404e-09,2.6644569e-09,2.8248526e-10,
173,0.0011740272,1.1149486e-08,2.9121363e-09,0.9988086,8.7367306e-07,1.36106735e-08,1.649192e-05,3.0113032e-08,4.4270823e-09,5.359644e-08,
174,4.070428e-05,2.7147056e-05,0.99957305,4.56466e-06,2.804108e-07,4.8167885e-06,0.00034638352,1.3058278e-06,1.5703833e-06,1.4822623e-07,
175,0.9997731,4.324111e-08,9.011843e-08,0.00022666308,6.6531682e-09,1.2037569e-08,3.874025e-11,2.6237714e-08,2.6817626e-09,2.814297e-10,
176,2.9750496e-05,1.1254449e-05,0.9997881,0.00014452855,5.248015e-06,3.0140333e-07,1.8641367e-05,4.1935317e-07,1.1837591e-06,5.786169e-07,
177,0.99956363,7.563718e-05,4.848319e-05,4.7142385e-05,0.00020709522,3.9024042e-07,2.2614458e-07,5.5901073e-05,6.379903e-07,8.239194e-07,
178,0.9999666,1.2599947e-06,4.7155987e-07,1.5199343e-05,1.6094791e-05,1.3426927e-07,7.363438e-09,7.382483e-08,4.7696993e-08,1.9664505e-08,
179,0.9999989,2.2659233e-08,2.0947843e-09,1.0727879e-06,1.2632116e-10,3.002672e-09,3.0077076e-11,6.4288153e-09,1.07356755e-10,5.0913423e-11,
180,0.09828756,0.0039318493,0.56503844,0.027947059,0.0010915514,0.0013947028,0.30196604,0.0001115683,0.00015484539,7.6360426e-05,
181,0.006146407,3.6577246e-06,0.9901552,0.0019952294,5.209507e-05,0.00016537507,0.0012698974,4.1820735e-07,0.00020076387,1.0821762e-05,
182,0.9984347,1.5535239e-05,1.2414289e-06,0.0014628704,3.9716237e-05,3.432101e-06,3.37381e-08,4.156026e-05,5.849952e-07,2.8620255e-07,
183,0.99999595,3.4074658e-06,5.737833e-11,2.3465212e-07,3.634159e-07,7.035155e-08,4.0624384e-10,6.174858e-11,1.5707059e-10,1.4747342e-10,
184,0.99998236,6.104939e-07,1.325563e-07,1.3141542e-05,6.159081e-08,5.948914e-07,2.2241753e-08,3.0111323e-06,1.1791657e-09,1.4307358e-10,
185,0.99999,4.9384753e-06,2.5204699e-08,4.9762925e-06,1.6615871e-07,2.0055271e-08,5.9168316e-11,4.4282095e-10,3.8249567e-10,1.754988e-10,
186,0.0053466335,1.8210843e-05,2.574849e-06,8.252244e-07,0.9946308,2.2802913e-08,9.537018e-08,4.463306e-07,1.6895382e-07,1.0470785e-08,
187,0.00126972,0.00012157049,8.4496845e-05,2.2633338e-05,0.9984812,1.1482582e-05,1.363076e-06,5.516932e-06,1.974046e-06,2.2289981e-07,
188,0.008100668,6.578016e-05,0.9796515,0.006277852,0.00010571475,2.1055603e-05,0.0057603098,1.2062565e-06,1.5563986e-05,2.953376e-07,
189,0.9999999,3.6482712e-09,3.000996e-10,1.26595e-07,5.4607656e-09,4.553542e-11,1.2408906e-12,6.8768304e-11,2.9627112e-12,6.843326e-13,
190,0.9999738,9.41697e-09,9.002323e-13,2.6156196e-05,2.9628575e-10,4.7005755e-10,9.930998e-14,7.4135115e-11,7.438719e-12,3.3434804e-12,
191,0.9994174,0.00010443642,6.7544456e-06,0.00044172353,2.8766656e-06,3.4244522e-06,5.4603156e-08,2.2465574e-05,9.679222e-07,3.5612235e-08,
192,0.0020844198,0.0011671968,0.99514633,0.00011185678,5.7055254e-06,0.00025627064,0.0010133845,8.587082e-06,0.0002032543,3.0680533e-06,
193,0.016625637,8.931877e-06,0.0064326664,0.97379816,0.0028599007,4.5529596e-06,5.6398145e-05,0.00021064852,1.3367077e-06,1.6499132e-06,
194,0.99994385,3.1177262e-06,2.4218944e-06,1.1861598e-06,2.179678e-05,2.4861722e-05,2.505241e-09,2.8180953e-06,3.839227e-08,8.266688e-10,
195,1.0,7.1680095e-10,4.5103674e-14,1.3765939e-08,6.459935e-12,3.196895e-11,1.2125149e-13,3.7384167e-12,9.778561e-13,2.0546719e-14,
196,6.6597415e-11,2.4078226e-09,6.544193e-05,1.696867e-05,6.2747904e-07,0.99991655,3.0842872e-07,5.7888297e-08,1.366038e-08,2.2507217e-08,
197,0.9933769,0.0038615144,0.0015376356,7.880637e-05,0.0008176935,2.5804582e-05,0.00024878024,5.8790747e-06,4.450484e-05,2.5415775e-06,
198,0.9999969,1.3552443e-09,3.9505417e-07,5.1055715e-10,1.8048295e-08,2.7746632e-06,2.5599485e-09,3.0064025e-09,3.9808086e-09,7.114726e-11,
199,1.2539971e-05,0.000111084155,8.3312725e-06,1.8721341e-06,0.99986386,1.758724e-06,1.5528421e-07,1.1292502e-07,3.660336e-08,3.1882132e-07,
200,0.10522946,0.091154315,0.7766345,0.00072650093,0.016311456,0.00084076216,0.0025892113,0.00030133137,0.0061165877,9.586653e-05,
201,0.107487634,0.0018005727,0.84065706,0.049549457,2.572052e-06,0.00012737098,0.00019924602,0.00014526276,2.2915641e-05,7.915439e-06,
202,0.61474895,0.00088487845,0.0032632367,0.37659392,0.00012997614,1.90344e-06,0.0037653788,0.00053811504,3.5659561e-06,6.999554e-05,
203,0.0020142242,0.00019802024,1.3721963e-05,1.8285771e-05,0.99775404,4.0664392e-07,1.0397368e-07,4.5783906e-07,5.913977e-07,7.382675e-08,
204,0.9958819,0.0019099717,3.54274e-07,0.0021774548,2.9859733e-05,1.788413e-07,1.1813581e-08,2.7201976e-08,2.3420972e-07,5.1362374e-08,
205,0.9754775,0.0003070309,6.2633484e-07,3.135929e-05,0.023401113,7.248213e-05,0.000610052,9.1241025e-05,8.074911e-06,4.3647267e-07,
206,0.55180335,0.0025375825,2.4439241e-06,0.37345606,0.0003592372,0.0055233617,0.062579796,0.0036696084,3.077405e-05,3.772083e-05,
207,0.99986327,8.415729e-08,3.136667e-05,1.9670164e-08,0.00010524967,4.699594e-08,9.623358e-11,2.7495317e-09,1.3002417e-09,3.0744332e-10,
208,0.99999785,5.459469e-07,9.103366e-12,1.5303124e-06,2.3426416e-09,4.2980762e-08,4.9890947e-10,1.2288456e-08,1.9935083e-10,4.9816463e-11,
209,0.99920756,0.0005352151,2.2052157e-08,0.00025406195,3.1184657e-06,9.5948195e-08,2.0922135e-08,5.007408e-08,1.6122137e-08,1.6269237e-08,
210,0.005934295,0.000904701,2.439878e-05,0.012238953,0.98073673,0.00015447999,2.504296e-06,3.0724123e-06,4.3701337e-07,4.8742373e-07,
211,0.9999957,4.0046843e-06,4.5005673e-11,2.8157388e-07,5.7471143e-09,3.0975813e-09,2.6254157e-09,9.1234804e-11,9.369152e-11,1.1919181e-10,
212,0.99413586,0.0015814104,0.0011788013,0.0029183603,0.00014904914,8.625232e-07,3.3225304e-05,3.7123166e-07,1.3497956e-06,6.067168e-07,
213,0.99994695,4.04735e-07,1.3362338e-10,5.102594e-05,3.171569e-08,4.7202526e-09,2.4475588e-10,1.596937e-06,1.1397875e-09,7.6168266e-11,
214,0.9999989,1.22589485e-08,2.605178e-08,9.755863e-07,7.2738165e-10,2.3266148e-08,1.4556155e-10,6.2982695e-09,1.467943e-08,1.0963905e-10,
215,0.99949324,8.295502e-06,8.264446e-06,5.7439456e-06,1.9344734e-06,0.00047647624,4.748226e-06,4.3360157e-07,8.287922e-07,1.4861439e-07,
216,0.00020631649,1.2475186e-05,0.99386674,0.005902983,6.099934e-08,3.6879533e-06,2.5668617e-06,2.7598587e-06,2.0146954e-06,3.5604242e-07,
217,0.037852068,5.0332446e-06,0.002778134,0.12161274,0.82530814,0.0039057361,0.008499971,6.626381e-06,3.0476816e-05,1.1537468e-06,
218,4.9700666e-06,9.066001e-06,0.000110881636,1.105716e-06,0.99981576,6.898948e-07,5.344742e-05,2.5848403e-06,1.0254415e-06,3.5357797e-07,
219,0.10797158,0.07005386,0.4375697,0.012378603,0.36153817,0.00048867706,0.0003737713,0.00866494,0.0008528314,0.00010774931,
220,1.0,2.296303e-08,1.00580815e-10,1.3198354e-09,5.9134536e-10,3.7003114e-10,4.6821196e-11,1.7247238e-11,4.7005143e-12,8.308623e-12,
221,1.8634139e-10,1.9704873e-09,2.0867752e-12,3.5707717e-10,1.5530211e-12,3.1286826e-10,0.99999976,1.3407957e-13,2.0344822e-07,1.7216793e-08,
222,0.9999033,1.9696135e-05,7.642452e-08,7.6006116e-05,4.392369e-07,4.1087435e-07,8.438517e-09,3.5166912e-09,9.351497e-09,9.9198365e-09,
223,0.8812409,0.006143472,0.00017908728,0.0028135867,0.10907062,4.1628176e-05,2.314224e-06,0.00050718436,1.1067792e-06,4.2891777e-08,
224,0.97258896,1.46947095e-05,0.022500798,0.0048585893,5.548336e-06,2.61082e-06,2.1882779e-05,3.5933506e-06,1.9255551e-06,1.3183318e-06,
225,1.2292648e-07,6.457389e-05,0.9999131,6.2108247e-06,4.5758832e-09,4.7170917e-07,7.6335755e-06,7.5342577e-06,1.4505582e-07,2.6789047e-07,
226,0.99994385,6.5436316e-06,1.9501163e-09,4.9429902e-05,1.474225e-07,2.1951406e-08,1.0711609e-09,5.4103655e-09,7.983547e-10,8.275633e-10,
227,2.5623967e-07,2.694279e-06,0.0005140477,0.9994823,1.1307176e-09,7.860096e-08,5.8014365e-07,1.04433866e-07,6.250207e-10,3.3626367e-08,
228,0.9999995,2.61662e-07,1.5730448e-09,2.6129428e-08,6.268244e-08,3.050118e-08,8.7135264e-11,5.295076e-09,6.070195e-10,3.2049602e-10,
229,0.99999404,4.3393072e-10,1.0059854e-08,5.9195577e-06,4.3533124e-12,1.6389186e-09,2.0379995e-12,6.465434e-11,6.486516e-12,3.3547015e-12,
230,0.9995184,4.180716e-06,5.4345666e-05,0.00040583254,1.6081363e-05,2.0144441e-07,7.270034e-07,1.1215385e-07,6.230879e-09,6.096083e-08,
231,1.0,2.224467e-10,8.278527e-14,1.5477954e-09,1.3755701e-12,6.433654e-13,2.8032095e-16,2.8642055e-13,6.6923603e-15,9.0524224e-17,
232,0.997127,4.9840823e-05,5.235409e-06,5.596139e-05,0.0027592264,1.5483444e-06,1.4986078e-07,1.3720927e-07,9.5104866e-07,5.8703904e-08,
233,0.99830985,0.0016876226,4.079595e-07,1.45829e-07,1.4772321e-06,2.6693195e-07,1.0312575e-08,1.3632717e-07,7.6372615e-08,3.9642813e-09,
234,0.9999814,4.4455137e-09,7.268884e-08,1.7084543e-05,9.32799e-07,1.9146055e-08,1.3828388e-07,8.397717e-09,2.4316213e-07,2.4415783e-09,
235,0.0004216889,2.139186e-05,3.9535254e-05,2.112529e-06,0.9981881,5.5009086e-06,0.00129682,1.4786552e-05,7.2094003e-06,2.815662e-06,
236,0.99743396,1.0637204e-05,1.2946185e-07,0.0025179232,1.9521737e-07,3.121382e-06,7.1853015e-07,3.3037213e-05,5.5049096e-08,1.7946729e-07,
237,0.9221608,0.0005999278,0.04827809,7.0763206e-05,0.0014166022,0.00018586776,0.018541295,0.0018486727,0.006184013,0.00071393844,
238,0.00037066487,4.0440023e-05,0.999501,6.163897e-05,5.859816e-08,7.3156923e-07,2.1087768e-05,2.1420259e-07,3.7121831e-06,4.0964306e-07,
239,0.9999708,2.8730821e-05,1.1093705e-09,3.8810632e-11,4.745556e-07,2.9096694e-09,6.034483e-12,3.0592657e-11,5.088991e-09,3.3877203e-11,
240,0.7683059,0.19605023,0.0016984955,4.328842e-06,0.026518777,0.00020240906,0.0038242706,7.696431e-06,0.0031521919,0.00023575335,
241,0.99931467,6.5539552e-06,0.00019788789,0.00044657796,1.1626286e-06,2.97511e-05,1.0872649e-07,2.1371309e-06,1.1508239e-06,4.6015742e-08,
242,1.1617022e-09,3.5912617e-11,4.5833254e-11,1.0,6.9121425e-10,8.718053e-11,1.007164e-09,1.1118115e-09,3.0814126e-13,1.443991e-11,
243,0.99981564,1.0846464e-05,4.108013e-08,0.00015987676,1.2698434e-05,4.572057e-07,6.6366745e-08,3.1059182e-07,3.833991e-09,8.182211e-10,
244,0.99869674,0.0006228145,4.081416e-06,0.0004858918,1.7120614e-06,6.113154e-05,5.8255406e-05,5.3329895e-05,1.44991045e-05,1.5313296e-06,
245,2.2302762e-05,0.012809569,5.6145247e-08,4.2474713e-07,2.0856153e-07,1.24158905e-05,1.1326034e-05,0.98676,0.00037843242,5.116034e-06,
246,7.481386e-12,5.0691746e-08,2.8120763e-09,1.2998429e-07,0.99999976,1.3872738e-12,4.104093e-12,1.2108708e-10,3.1899838e-13,2.939571e-12,
247,0.9999982,1.3962861e-07,1.9899467e-09,1.5269992e-06,1.7088365e-07,5.1180393e-10,7.956997e-10,2.344833e-09,3.8922843e-10,5.892048e-11,
248,0.9942246,5.1744642e-05,7.497714e-06,0.00013444982,0.0055744937,8.11794e-08,6.255825e-07,3.100326e-06,3.1519012e-06,1.9647072e-07,
249,0.9999988,6.2674443e-10,1.2309358e-06,1.122237e-09,3.2076766e-08,6.6330205e-11,1.15918525e-11,7.5505956e-11,2.5416138e-11,6.062891e-13,
250,2.2567503e-06,5.714936e-06,0.9999888,2.9904213e-06,1.4837648e-12,3.618496e-08,2.1751407e-07,1.5911119e-09,3.116312e-08,5.312966e-09,
251,0.9999721,1.72882e-06,6.9952706e-09,2.5980142e-05,1.5556354e-07,1.354072e-08,4.9837356e-10,8.775445e-08,9.700964e-11,6.2390294e-11,
252,0.33587843,0.0072048125,5.462909e-05,5.5975484e-05,0.6551298,0.00018719361,1.3393621e-06,0.00094216765,0.0005423455,3.3475958e-06,
253,0.9910437,7.445036e-06,3.2148404e-05,0.008910742,5.2186065e-06,4.894268e-07,6.730521e-08,1.3556782e-07,4.272854e-08,7.772857e-09,
254,0.9968831,2.0931344e-05,0.00017625329,0.0028965392,1.1525169e-06,5.3056266e-07,4.084714e-06,1.5350253e-05,1.251994e-06,6.922145e-07,
255,0.9999982,1.6795046e-07,9.904575e-09,7.638291e-07,8.1325703e-07,2.5250909e-08,4.064404e-12,6.894056e-09,1.421573e-09,3.142719e-11,
256,0.9999999,2.8394236e-09,5.705438e-13,1.7217297e-07,7.3874504e-11,2.1837063e-10,1.017323e-13,2.277581e-12,1.5108234e-11,1.1690755e-12,
257,0.9881798,2.8801743e-09,7.062444e-05,1.7654309e-05,0.00068573386,0.0110459365,5.5286636e-10,2.0375617e-07,4.3116507e-11,1.2676507e-11,
258,0.055143893,0.00020351238,0.941772,4.016401e-06,0.00020146352,0.0016721031,0.00093801663,1.50128535e-05,4.794035e-05,2.1488365e-06,
259,1.2951051e-08,3.2391375e-07,0.9999995,9.30095e-09,3.9604244e-09,2.876184e-08,1.5111345e-07,1.6789172e-09,1.507886e-08,3.144572e-10,
260,0.99999976,1.6745842e-07,1.4783813e-10,2.907579e-09,1.13660255e-08,8.734688e-09,1.6669621e-12,9.3747496e-11,1.5666735e-09,2.1912734e-11,
261,0.9999691,1.03468665e-05,3.4917991e-06,1.4775448e-05,2.1666876e-06,4.9442153e-08,2.8517324e-09,9.462447e-08,3.854439e-08,9.450736e-09,
262,0.99999857,1.20156685e-08,1.6759412e-08,1.3968295e-06,5.9090617e-09,4.3008757e-08,2.0811085e-12,1.5412591e-09,6.131337e-10,1.7663258e-11,
263,1.0,1.1826642e-09,8.0976076e-10,2.9146632e-10,9.47553e-11,2.025068e-10,2.0017252e-12,3.529956e-12,5.869205e-13,7.7093856e-15,
264,0.9999999,6.956954e-10,2.2257387e-11,1.67269e-07,9.741414e-11,3.743472e-10,2.3685657e-13,7.122136e-10,3.4539483e-13,2.7470604e-13,
265,0.00014722976,5.619976e-06,1.9669818e-05,1.1547752e-05,5.994109e-07,3.3086646e-05,0.999747,2.0289185e-06,3.2263502e-05,9.764406e-07,
266,2.5754654e-05,1.5607534e-06,5.5881173e-13,0.00021055016,8.055401e-08,5.4609194e-07,0.99973804,1.5645861e-08,2.1967946e-05,1.5457612e-06,
267,1.0877654e-07,9.34626e-10,3.740362e-09,0.99999976,7.453542e-08,3.3002517e-10,2.368096e-09,8.7436164e-10,6.177514e-13,2.0295995e-10,
268,3.843436e-05,9.032424e-05,0.99986124,6.121604e-06,4.2929684e-11,1.1391834e-07,3.233679e-06,1.8553221e-10,5.763637e-07,4.4989883e-09,
269,0.99999833,1.0830536e-08,6.64867e-08,1.5374033e-06,4.766554e-10,8.643061e-09,4.469049e-11,1.5660646e-09,1.4172734e-10,5.1400873e-11,
270,0.99955994,5.7061165e-09,8.037688e-07,0.00043866696,2.5681814e-07,2.0425116e-08,4.9563877e-09,2.75798e-07,1.1034938e-10,1.5053743e-10,
271,0.99837327,4.4759304e-06,0.00013098461,0.0014905361,3.1528023e-07,5.493126e-08,1.12017666e-07,1.219402e-07,2.061011e-08,2.5212605e-09,
272,0.99999225,3.592469e-06,3.6771655e-09,3.8743447e-06,2.1218673e-07,4.0564196e-08,1.3740353e-09,8.1856544e-10,1.6156992e-09,1.5496682e-09,
273,0.99999833,3.843803e-08,8.301474e-10,1.6359908e-06,8.4802515e-10,6.438985e-09,3.3260724e-11,8.889082e-12,2.6632962e-12,1.5396177e-11,
274,0.9999987,3.4537624e-08,5.9162997e-10,1.1513634e-06,4.8215508e-08,1.15777e-07,9.640068e-09,4.747495e-09,2.0851278e-10,7.2677125e-10,
275,0.99996316,6.5796553e-07,5.246609e-07,3.3786255e-05,2.2575004e-07,2.1388988e-08,3.1787624e-07,1.2935337e-06,9.191083e-09,3.882111e-09,
276,0.99990785,1.3297425e-05,2.5307099e-09,7.873713e-05,3.274921e-08,5.1323028e-08,3.2543754e-10,1.8051289e-09,5.1677285e-10,2.2642155e-10,
277,0.9999939,8.32325e-07,8.987695e-10,1.454138e-09,5.164277e-06,2.7548218e-08,6.3878524e-08,1.9074758e-10,1.5501851e-09,3.1395935e-09,
278,0.99991393,5.9974577e-06,8.513085e-09,4.275165e-05,5.7263355e-06,3.1297528e-05,1.7080083e-07,6.631844e-09,1.6633915e-09,5.31641e-09,
279,0.99638003,5.051274e-06,9.088791e-06,0.003173943,2.3816403e-06,0.00015481099,0.0002616688,1.1478969e-05,7.6862796e-07,8.291059e-07,
280,0.87046736,7.6328894e-07,7.8240134e-08,1.3517575e-05,3.186315e-08,0.12950377,3.7906946e-06,5.9595533e-09,1.0262751e-05,4.0567207e-07,
281,1.1235535e-06,3.73999e-07,2.1294888e-09,3.0403844e-09,0.99999857,5.6957405e-10,3.6746978e-10,1.6361268e-10,8.5550333e-10,3.1236289e-10,
282,0.90727013,9.21264e-05,2.340785e-06,0.092031874,0.0005678206,2.242338e-05,1.6345318e-06,9.769451e-06,1.2054122e-06,6.4950507e-07,
283,0.99994457,5.1612726e-05,1.4522351e-06,1.603214e-06,4.761888e-07,2.5411538e-07,7.980356e-10,5.893907e-09,1.8257873e-10,4.62018e-11,
284,0.9032166,3.1238312e-06,5.6710283e-05,0.09631425,1.4580845e-05,1.012453e-06,0.0003695047,1.307524e-06,3.4451657e-06,1.9552475e-05,
285,0.9990171,0.00012858448,1.9001172e-05,0.0005397044,9.348585e-05,1.0659336e-06,1.1640304e-06,0.00019923915,4.4445912e-07,2.2665684e-07,
286,0.9938718,0.00017781698,0.0007409649,0.00021747482,0.004965701,5.2897335e-06,1.6865455e-06,1.8856872e-05,2.529373e-07,1.6856715e-07,
287,4.099964e-07,3.0013118e-07,0.9999558,4.354993e-05,7.980696e-12,7.771128e-10,1.7401364e-09,4.393875e-10,4.170447e-09,3.6470493e-11,
288,0.9997813,7.26197e-08,2.5136915e-10,1.1207086e-07,2.9502476e-07,0.0002182838,5.276018e-09,2.5780007e-08,2.9180929e-09,2.5561414e-10,
289,1.2009444e-08,9.259569e-08,1.9023759e-08,7.450213e-08,3.2388538e-08,0.9999993,8.981904e-09,1.550124e-07,1.9298763e-07,1.490179e-08,
290,0.9977342,3.334172e-05,1.6690961e-05,1.5707365e-05,0.002166919,1.5822787e-05,2.3416024e-07,1.3497262e-07,1.6752132e-05,8.347203e-08,
291,0.0002732949,2.4975816e-06,0.99561584,0.004047483,1.1317758e-07,7.8631496e-07,3.9585564e-05,1.863623e-05,1.5050347e-06,1.0728321e-07,
292,0.99988246,1.0075429e-06,5.7629443e-11,0.000116545,3.0546538e-10,9.777228e-09,2.0946448e-12,4.389348e-10,7.8091256e-11,9.92145e-12,
293,0.75769913,0.00013859372,0.23150694,0.0076470287,0.002688406,0.00023798182,5.524161e-05,1.3926572e-06,2.2433947e-05,2.8623117e-06,
294,0.9999863,4.766867e-07,3.4601595e-09,1.1484875e-05,1.1939892e-06,5.34445e-07,8.064066e-10,2.9150486e-08,2.720836e-09,4.9487775e-10,
295,0.003432419,1.202555e-07,4.5259316e-08,0.99640816,0.0001486786,5.507517e-09,1.0462756e-05,9.931293e-09,2.1737952e-08,7.9640564e-08,
296,0.0007258465,0.00012602139,0.9988908,2.620408e-05,6.1817004e-06,0.00014279985,1.5563219e-05,6.255448e-07,6.566723e-05,1.752308e-07,
297,0.9999999,2.5447685e-08,2.2769585e-13,1.301664e-07,1.01020886e-10,6.3260863e-09,8.01811e-12,1.3313715e-10,2.3095734e-11,2.0107787e-12,
298,0.9999784,2.6375292e-07,1.9188892e-05,1.3244743e-06,1.6149762e-07,5.99477e-07,6.487684e-10,1.980956e-08,6.255171e-10,2.2827086e-11,
299,3.821885e-06,7.749315e-06,0.9999609,9.96122e-07,1.6899952e-08,1.8454746e-06,2.2393382e-05,1.2021084e-08,2.0924815e-06,1.3171058e-07,
300,0.00010727724,8.72783e-06,0.9998405,3.2849086e-05,1.3102729e-12,1.0554605e-05,1.4560852e-07,1.3341211e-09,2.7540772e-09,8.822937e-09,
301,0.99999905,3.357729e-07,3.5098086e-10,5.3639985e-07,3.542598e-09,3.4655027e-08,3.4541144e-11,1.1887029e-10,4.4451573e-10,5.877899e-11,
302,0.16241492,2.1727349e-06,0.00039491372,0.83697575,0.00018027438,2.1085387e-05,1.1254771e-06,9.796465e-06,1.3365244e-08,2.645251e-08,
303,0.948839,1.4633836e-06,4.6664598e-05,0.051098693,1.3263147e-05,1.8847135e-07,2.8244293e-07,4.767132e-07,4.415566e-09,1.1710987e-08,
304,0.9999902,1.259395e-06,8.348619e-09,1.6628486e-06,5.1422403e-06,1.6702501e-06,4.9826234e-08,1.1233757e-08,1.0682338e-09,6.440453e-10,
305,6.1116174e-05,3.631637e-09,1.7917889e-06,0.99993706,1.3697214e-08,1.5794546e-10,3.855291e-09,2.10258e-09,3.0912585e-11,1.5686233e-09,
306,0.99994004,5.7782745e-05,1.5148002e-09,1.3335425e-06,8.119047e-07,6.161817e-08,9.789094e-10,1.579634e-10,2.680042e-09,7.649273e-10,
307,0.99999964,1.5715023e-07,9.317508e-11,2.1710673e-07,8.5994917e-10,1.6040951e-09,3.730068e-12,5.1839172e-11,1.7256224e-10,1.5724644e-11,
308,0.99999154,2.004297e-06,2.9603372e-08,2.439021e-06,1.03677706e-07,3.87755e-06,1.4164002e-08,6.688152e-09,1.4305347e-08,3.964133e-09,
309,0.9962048,0.00071364094,4.9943964e-07,0.0029599264,0.00010092125,1.0497487e-05,6.5731765e-06,2.2189095e-06,4.8314786e-07,2.9012753e-07,
310,0.99998415,2.5360012e-07,1.3671909e-05,1.0500756e-07,7.0875274e-07,3.8982498e-07,2.0661997e-08,6.3588925e-07,5.556828e-09,6.638954e-09,
311,0.0021082037,0.006459688,7.1759887e-09,0.051529497,4.5288207e-08,3.0727992e-06,0.9396192,4.6293248e-05,5.5368805e-08,0.00023391232,
312,4.0800722e-07,2.5388587e-08,5.2743417e-06,2.3477884e-07,0.99999416,2.3020563e-08,2.6010147e-12,5.178615e-10,7.4361014e-13,6.3324357e-13,
313,0.99999976,1.5133889e-09,4.6316873e-10,2.6221912e-07,1.083036e-09,6.38149e-10,2.408295e-12,9.900638e-10,8.505091e-11,8.421261e-12,
314,0.1749936,0.12500311,0.56447834,0.055167098,0.009545028,0.04510274,0.0020502429,0.0034595013,0.019618278,0.00058218016,
315,0.9999697,4.8214734e-09,6.600598e-10,2.980415e-05,5.6540507e-08,8.684328e-08,4.0124382e-07,7.251403e-09,1.2636808e-10,1.4809763e-09,
316,0.9923415,2.8138442e-05,5.20348e-06,0.007602504,1.3884564e-07,1.5201382e-05,5.346632e-07,6.144439e-06,2.1966946e-07,4.0639358e-07,
317,0.99998856,2.4991903e-06,2.071959e-06,8.483028e-07,5.2155006e-06,5.2766495e-07,2.362855e-08,1.08283075e-07,4.4420215e-08,1.5765456e-08,
318,2.1570072e-12,3.9772524e-07,1.5598377e-11,2.0602822e-11,0.99999964,3.2337452e-11,1.314908e-12,2.2025554e-13,6.4083413e-12,1.13277e-11,
319,0.00044657983,0.21814883,0.78135216,4.2431834e-06,8.366746e-06,2.3109535e-06,1.0973265e-06,1.7717286e-05,1.8500054e-05,1.4958769e-07,
320,4.927698e-07,1.6590657e-05,0.99997056,8.950219e-08,1.2030736e-09,3.7315222e-06,1.4193982e-06,2.598841e-08,6.995337e-06,1.9580139e-07,
321,2.4023612e-09,6.2373614e-13,9.089253e-13,0.9999994,4.8680755e-14,1.2023271e-11,5.9365976e-07,2.7245914e-08,6.5328407e-15,3.9124953e-11,
322,2.6552436e-05,0.0001690473,0.9997857,8.100329e-06,2.486751e-07,4.4284306e-07,6.1804064e-07,9.21416e-06,1.4882511e-07,6.65894e-09,
323,0.9999851,1.3916271e-05,4.7067875e-08,4.9015745e-07,3.5861981e-07,1.0560661e-07,6.762243e-11,1.710305e-10,3.1762912e-08,8.4003393e-10,
324,4.1188086e-10,0.99999976,3.7116974e-14,9.1021946e-10,2.090129e-12,6.9023464e-08,2.0950675e-11,2.9872751e-12,1.20839476e-11,1.2817817e-07,
325,0.97921556,0.0006234238,0.00035930894,0.012788727,0.001148394,0.0007756429,0.003976948,0.0010258759,3.5048848e-05,5.1045503e-05,
326,0.6240889,0.0004001685,0.0050004325,0.062766,0.00015123583,0.007991937,0.05521736,0.24437633,4.3494833e-06,3.3148344e-06,
327,0.99693066,0.00010049786,0.0002982294,0.0026584244,6.3678963e-06,1.3660096e-08,1.1249012e-06,4.2032743e-06,5.190351e-08,4.6540274e-07,
328,0.6394107,3.5789813e-07,1.0909438e-07,0.0024077003,7.1036845e-07,0.3550351,0.0031385776,6.864693e-08,2.174233e-06,4.6116434e-06,
329,0.9999422,5.5411274e-05,2.7299374e-09,2.0497432e-06,2.4441175e-07,8.269821e-08,2.1380333e-09,3.7948884e-09,2.9364697e-09,1.8289092e-10,
330,0.9988412,1.703266e-05,1.7824591e-07,0.001123467,1.4833962e-09,1.798431e-05,8.645572e-08,3.1727062e-08,3.7269614e-09,7.762515e-09,
331,7.933582e-06,1.2186283e-06,0.9999807,7.675255e-08,1.3209166e-11,9.689195e-07,8.475624e-06,6.701184e-08,4.7181211e-07,3.4069135e-08,
332,0.9999938,2.8685648e-07,1.9451956e-08,5.4718653e-06,8.280203e-09,2.009582e-08,8.0539006e-11,4.139539e-07,2.2474025e-09,2.1194567e-10,
333,0.9717119,0.00022264436,0.00080887496,0.026456067,0.00079570024,3.4482052e-06,1.1742516e-08,1.420506e-06,9.740813e-09,3.5096936e-09,
334,0.99991274,6.243285e-05,8.827627e-06,3.6478475e-06,1.2246437e-05,5.3871137e-08,1.602556e-08,5.519914e-09,6.6723227e-09,5.401917e-09,
335,3.1772282e-07,4.9138214e-07,1.6093386e-08,1.335499e-09,0.99999917,6.407648e-10,4.4601708e-11,3.3501167e-11,1.2281601e-09,1.1879059e-09,
336,0.006780064,1.8734079e-07,1.7591447e-08,8.740914e-07,9.308457e-08,2.8839711e-05,0.9760444,4.7687895e-08,0.017123431,2.2099524e-05,
337,0.9985417,7.0649735e-06,0.0002475377,0.00010201568,0.0010995109,3.1614675e-07,1.2312611e-06,3.2386598e-07,2.117624e-07,7.859817e-08,
338,0.9984459,0.001074636,3.3666226e-06,2.588365e-07,0.00047556747,6.598269e-08,4.2332773e-09,8.811386e-09,1.3185323e-07,3.881007e-09,
339,6.0874563e-06,4.0892618e-07,0.9997243,0.00026799334,1.3118255e-09,5.316153e-07,2.3245866e-07,2.0502358e-07,2.7222464e-07,2.3756819e-08,
340,2.7596827e-05,2.0998013e-06,4.5139604e-06,0.99996436,2.4637195e-09,3.4195051e-09,1.4010776e-06,1.3866824e-08,8.1783684e-11,3.2402113e-08,
341,0.9999783,1.5528178e-06,1.0142861e-06,1.7199021e-05,7.5358344e-08,3.4766612e-07,3.6174455e-07,1.0548839e-06,5.8148584e-09,1.6180614e-08,
342,0.9999418,1.201244e-05,9.431049e-09,4.61742e-05,2.4561864e-08,9.6589545e-09,6.812035e-11,1.9868319e-08,7.2552503e-10,1.4022195e-10,
343,0.9976834,4.4589637e-05,1.05544956e-07,0.0022239946,2.1934804e-05,2.3026883e-05,4.3333353e-07,2.1499459e-06,2.1278824e-07,1.6372196e-07,
344,0.99996805,5.307e-06,1.4915202e-06,2.2549448e-05,1.4847441e-07,1.8693925e-06,1.17869114e-07,4.723374e-07,4.8897925e-10,1.2680562e-10,
345,1.0,4.81019e-10,4.295212e-14,3.516414e-09,2.1692825e-12,2.3284052e-09,2.0247173e-13,6.2405986e-14,1.450672e-14,5.7454994e-15,
346,0.9991578,0.00080935215,2.5705338e-05,2.816092e-06,1.7566041e-06,2.575848e-06,2.0978472e-08,1.4204575e-08,5.0055547e-08,7.253355e-09,
347,0.9726375,0.00026984667,6.513596e-05,0.0003314026,0.026409743,0.00014283351,6.649956e-07,8.0007274e-05,5.87333e-05,4.1969456e-06,
348,0.99984765,8.198596e-06,0.00013657227,7.361955e-06,7.852898e-08,2.7650673e-08,1.5811567e-08,6.9496116e-09,1.2827206e-08,1.761355e-09,
349,0.9999963,9.1069006e-07,1.09038885e-08,3.8815108e-07,1.675597e-06,6.7304717e-07,1.4180878e-09,1.4248176e-08,1.0114847e-08,1.3001271e-09,
350,0.9985464,0.0007638114,1.3334809e-06,0.0003219381,0.00028551553,1.2429035e-05,2.8502882e-06,6.459291e-05,8.7804546e-07,1.5844216e-07,
351,0.9993332,1.508386e-05,2.3303817e-05,0.0006193519,1.604402e-06,1.584052e-06,1.0396276e-06,3.2651014e-06,2.9501828e-07,1.3262668e-06,
352,0.99911016,0.00062391936,8.102372e-06,0.0002467269,2.0021105e-06,4.1482162e-06,7.690042e-09,1.9692986e-06,2.904842e-06,2.7466918e-08,
353,0.02663589,6.7821793e-07,0.00013104538,0.015239357,0.06318312,0.00043772743,0.8939605,7.6552396e-07,7.986683e-05,0.0003310003,
354,9.262968e-06,1.530772e-05,2.1224245e-09,1.6729656e-06,0.9999734,1.968604e-07,6.5318186e-09,5.098003e-08,5.0150042e-08,8.1511004e-10,
355,0.09795972,8.19724e-07,0.00092574605,6.6846085e-05,1.6852711e-07,0.90102184,2.5595253e-07,2.1495725e-05,2.1965257e-06,9.008894e-07,
356,0.99969697,9.4716745e-07,4.190765e-06,0.0002971896,1.09018565e-07,3.464033e-08,1.3345647e-07,5.2655054e-07,5.0264404e-11,2.4998352e-09,
357,0.99998796,9.766048e-06,5.5057367e-08,2.2114912e-06,9.640111e-09,7.410467e-10,3.684618e-10,4.038746e-08,6.792077e-09,5.104102e-11,
358,0.999997,5.2386566e-09,4.6287954e-10,2.2964432e-06,5.5220806e-07,4.3945844e-10,1.8108157e-08,5.3481095e-08,1.8047691e-10,4.090213e-11,
359,0.9998511,2.2103504e-05,1.969522e-05,5.656431e-05,1.1607586e-05,4.2002907e-06,4.4220876e-08,3.343605e-05,7.6814695e-07,4.5343538e-07,
360,0.04574838,3.3246473e-05,2.2310644e-05,0.0001143921,0.95403343,5.3894013e-08,4.5345132e-05,5.6013224e-08,5.5364063e-07,2.1788467e-06,
361,1.867622e-05,5.0482373e-07,0.9998487,0.0001308149,1.294403e-09,3.122126e-07,7.166308e-07,7.2060395e-08,1.684659e-07,5.786293e-09,
362,0.12705113,0.0026234563,0.8697029,0.00027744097,1.2295669e-06,2.7652897e-07,0.0003425648,3.2919306e-07,1.2557905e-07,6.1438635e-07,
363,0.9999999,2.9732508e-09,1.972945e-11,1.2949864e-07,8.695765e-11,2.0629834e-08,2.7340825e-12,7.001468e-10,4.5932993e-12,3.7788907e-13,
364,0.08151599,0.00029533892,0.91561306,3.42324e-05,1.3542003e-06,0.00041360475,0.0021064111,4.2977704e-06,1.4036908e-05,1.639969e-06,
365,0.9974011,0.00020354918,0.00074917026,0.0015912119,3.286933e-06,4.431321e-05,6.560438e-07,4.8683646e-06,1.4552235e-06,4.1678416e-07,
366,0.99984837,3.9032016e-06,4.550645e-08,0.00014600856,8.4656406e-08,4.1135792e-07,4.820668e-09,1.1391085e-06,1.7754392e-08,6.8151476e-09,
367,7.1448147e-12,0.03234173,1.0330315e-08,7.09259e-06,2.3850841e-06,0.034031916,0.90534335,1.2023081e-07,4.1866873e-08,0.02827333,
368,0.30385822,9.138032e-05,0.0009593149,0.547803,0.07543474,0.00944243,0.057335433,0.0043378673,0.00052626507,0.00021134937,
369,0.9999738,5.2403066e-06,1.5218741e-09,1.924837e-05,1.6476561e-06,3.8860584e-08,2.2410895e-10,1.9231296e-08,1.5339927e-08,9.622578e-09,
370,0.07622757,0.0010747585,0.9225555,8.0881866e-05,2.6894131e-08,2.0519185e-06,5.638844e-05,3.8262982e-07,6.0459456e-07,1.760319e-06,
371,0.9716052,1.4178362e-07,4.147021e-09,0.027439732,8.622704e-08,0.00095426437,3.5996732e-07,2.436727e-07,2.0737456e-10,3.5605423e-09,
372,0.9995976,7.013836e-05,2.3185482e-06,0.00032853713,1.7719353e-07,1.0403958e-06,3.695496e-09,2.5970385e-07,1.6367924e-08,1.3064639e-08,
373,2.9961208e-07,2.3434957e-08,3.7269776e-10,2.4355749e-17,3.9395096e-09,2.5294855e-06,0.00020326345,3.1557244e-13,0.99979156,2.3437888e-06,
374,0.99998856,2.308013e-09,3.604377e-10,1.1409356e-05,2.7965616e-08,1.9803224e-08,9.670596e-09,3.4827574e-10,4.2125237e-09,7.9683715e-10,
375,0.9999678,4.130778e-06,5.4320415e-10,2.7970493e-05,3.953116e-08,3.2966266e-08,6.1812306e-09,9.082832e-09,1.1018236e-10,2.2659757e-10,
376,0.0048811994,0.0021675462,0.9889649,0.0034304543,6.313272e-05,0.0001373842,0.00022733884,7.8969504e-05,4.697607e-05,2.0180441e-06,
377,0.99798644,0.0019730462,3.6915847e-07,9.998234e-06,4.939733e-06,2.416703e-05,2.0239251e-07,5.1382807e-07,1.1946751e-07,1.15119576e-07,
378,0.12688313,0.00017632844,0.8618308,0.010544643,6.625101e-08,1.5458554e-05,0.00054163055,7.954691e-07,7.0599954e-06,1.4905596e-07,
379,7.307838e-07,4.5812453e-06,0.9999945,5.4893835e-08,1.1550801e-10,4.70887e-08,1.6832232e-07,6.571934e-09,1.594181e-08,6.6249534e-10,
380,0.34353516,0.0018829155,0.0028278448,0.64393437,0.00014263259,0.003190442,0.0014843231,0.0020219805,0.000547323,0.00043291197,
381,9.930791e-10,4.8724196e-06,2.2773314e-07,1.609712e-08,1.4834063e-11,1.4698126e-06,1.2880852e-08,0.9999927,2.2970212e-07,4.914933e-07,
382,3.9204597e-06,2.8374604e-06,0.9999132,4.0458456e-08,7.3934947e-10,9.639259e-06,7.034576e-05,2.3108088e-08,4.8008664e-09,7.502885e-09,
383,0.9964282,0.003109157,0.00011104092,0.00024699725,6.117423e-06,2.3692996e-06,6.2237774e-07,9.4302406e-05,7.8802594e-07,3.8180326e-07,
384,0.92841405,0.0017934148,4.5449466e-05,0.061708055,0.0074102506,0.00012876335,1.5104299e-05,0.00038366846,9.663567e-05,4.645329e-06,
385,0.9997801,0.00020544618,5.536912e-07,8.0729257e-07,1.1685642e-05,8.272617e-07,1.8086961e-09,1.0192037e-07,4.2704772e-07,6.665129e-09,
386,0.0001979829,0.00011888352,0.9944389,4.7818103e-05,1.2325218e-07,1.7398244e-05,0.0051750788,2.1689415e-07,1.0272128e-06,2.6586786e-06,
387,0.5809576,1.6846448e-06,3.813302e-05,0.4177973,0.00012563472,5.8711595e-07,0.0010596387,1.7826984e-05,1.3029265e-06,3.1167284e-07,
388,0.00029600607,5.6351073e-06,0.9920562,3.071395e-05,1.4478151e-07,0.007577112,2.1179621e-05,1.7924026e-06,9.8178625e-06,1.3929073e-06,
389,0.9953377,3.8426656e-06,6.531992e-07,0.00463833,1.5182637e-05,3.0726518e-08,1.1618178e-08,4.080514e-06,5.534757e-08,2.2354978e-08,
390,0.005447777,0.00015948972,0.93478477,0.059373982,1.4591149e-07,4.0425777e-05,0.00018684509,2.64678e-06,2.617127e-06,1.2908113e-06,
391,0.9982332,6.209346e-05,3.0041458e-06,0.0014261714,1.2262263e-05,0.0002604212,4.1685826e-07,1.0006617e-06,1.0156853e-06,3.9219373e-07,
392,0.9991698,8.32325e-06,1.114934e-06,0.00081820524,1.4379264e-06,3.1085332e-07,2.0583558e-08,7.3645003e-07,4.1897232e-09,3.410523e-10,
393,0.5953596,2.2361633e-05,0.002166116,0.0075426702,0.37835982,0.001939656,0.002876959,0.00016214402,0.011496907,7.371564e-05,
394,0.0032306667,0.00018275424,0.99345183,0.0015774276,2.7047434e-05,5.2881565e-05,0.0013439838,3.8953614e-05,9.329136e-05,1.1977681e-06,
395,0.9944441,0.0006108049,0.002103225,0.0020203288,0.00037311803,2.4510913e-05,1.8812085e-05,5.7924695e-05,0.0003463111,9.870166e-07,
396,0.9999975,2.7244251e-08,9.143259e-13,2.5216214e-06,6.116053e-10,5.009551e-12,3.7239993e-14,9.685965e-13,1.7348333e-13,2.87943e-14,
397,1.0,1.3862347e-08,6.558111e-12,1.2358032e-08,1.9573714e-11,6.678004e-11,7.6300686e-15,4.0668833e-13,1.196881e-13,4.608791e-15,
398,0.9999987,1.9428646e-07,9.303751e-08,6.5158764e-07,8.942774e-08,1.0851449e-07,1.3003429e-10,7.5169666e-08,1.4775883e-09,2.232259e-10,
399,4.9032155e-07,1.2968467e-10,1.1363503e-09,0.9999995,3.3478038e-12,1.2690788e-13,7.981282e-10,3.3703193e-11,9.35876e-14,1.7936983e-11,
400,0.99399453,0.000100741614,1.9820397e-06,0.00576902,4.3514527e-05,2.2324226e-05,8.255534e-07,6.611511e-05,4.98046e-07,4.9388325e-07,
401,0.99999595,2.2981823e-08,7.655835e-09,4.1931017e-08,3.938664e-06,8.167505e-09,2.283273e-13,1.761014e-10,8.570297e-10,8.139282e-12,
402,0.99355066,4.307417e-05,0.0008234503,0.0028726386,0.001077221,8.332422e-05,0.0013626677,0.00014752756,2.4921905e-05,1.4408762e-05,
403,0.23094341,0.0002177095,0.76621217,0.0024097096,3.651653e-05,1.8944022e-05,2.0712441e-06,0.0001454925,1.3192281e-05,7.57107e-07,
404,3.6687188e-06,5.5405617e-06,6.5892403e-09,7.705355e-08,0.99999034,3.0433316e-08,2.1775683e-07,1.60238e-09,1.2448847e-07,2.7396633e-08,
405,4.6034877e-08,0.00019344562,0.99980646,3.70151e-09,3.388244e-10,4.6648246e-10,1.4932905e-09,2.668995e-11,1.5826024e-07,5.351207e-10,
406,0.99999785,1.2288872e-09,1.7176364e-10,2.1079939e-06,1.9066406e-09,3.4847367e-10,9.622622e-10,8.019417e-10,1.27072025e-11,7.920614e-12,
407,0.00029755727,0.00084563764,2.596092e-05,8.948692e-07,2.0102351e-07,0.00024481438,0.9954383,0.00035128725,0.0026834956,0.00011186698,
408,0.6097012,0.0005721288,0.32420972,0.06297149,8.567874e-06,0.00013415351,0.0023927824,4.443996e-06,3.9721463e-06,1.6217009e-06,
409,0.00018158999,0.8988997,4.0031862e-09,5.3164683e-08,1.1743269e-05,0.005917148,0.0036093614,2.4866998e-07,0.0879127,0.0034675386,
410,0.9957146,9.366051e-08,0.0002549367,0.00010484975,0.00015022888,0.0037722809,2.6776288e-06,2.4907087e-07,7.653215e-09,1.2737318e-09,
411,0.7599705,0.00015104897,0.00014315452,0.1396324,0.1000348,1.1098188e-06,5.7634767e-05,2.2747781e-06,3.71325e-07,6.8095537e-06,
412,0.087284476,1.5451687e-05,2.4286504e-09,1.0829272e-06,1.8485751e-07,8.520606e-07,0.912647,9.2801267e-10,3.602255e-05,1.4879906e-05,
413,0.9960295,0.00016076793,1.1576152e-05,0.003311524,0.0003131079,4.459169e-05,7.840903e-06,0.0001155972,5.27983e-06,1.5230255e-07,
414,0.9999895,1.1445613e-09,2.3985374e-09,1.0427534e-05,2.4325358e-11,1.2905765e-09,4.9000526e-11,1.0013878e-09,1.03445195e-11,3.7352847e-12,
415,0.65177876,0.0042573195,0.30485508,0.035040736,0.0018361668,0.00018540552,0.00011247536,0.0018019698,0.000112483845,1.9658273e-05,
416,0.00030893655,2.6896669e-05,0.9846832,0.014745478,4.533258e-08,3.0690503e-06,0.00020975503,1.2739143e-05,8.744353e-06,1.0787115e-06,
417,0.0003824111,0.00015767412,0.9960091,0.003029437,1.08649964e-07,3.0349021e-05,0.00030031698,1.0485695e-06,8.591556e-05,3.559237e-06,
418,0.99004173,0.0041457685,0.0021367662,0.0001458468,0.0023061202,4.0566956e-05,1.5646743e-05,0.00023374366,0.00090060756,3.3242413e-05,
419,0.9990087,0.0009621185,1.8554836e-05,1.8096023e-06,8.59871e-06,4.9342104e-09,1.6339562e-09,1.0121875e-07,8.786242e-08,2.9994687e-10,
420,0.0021401916,0.00010510468,0.9965072,0.00019956398,4.389053e-06,7.357172e-05,0.0008354584,2.620195e-05,0.000101658414,6.573191e-06,
421,8.9389955e-14,5.0413955e-06,5.204093e-11,4.9353844e-15,0.999995,2.0147759e-13,6.5439794e-17,2.3467803e-13,4.470634e-16,5.9437955e-14,
422,0.00024727613,5.7384987e-05,0.9994529,0.000115427094,7.916148e-08,1.9545523e-06,0.00011624822,9.794637e-07,7.149926e-06,5.87646e-07,
423,0.94287807,5.3640556e-06,0.00018828799,0.05628896,0.0006351821,1.0923847e-06,1.6893805e-06,1.3404615e-06,1.8218977e-08,2.0569455e-08,
424,0.006627172,7.596803e-05,0.99277747,0.00032567693,1.0459296e-07,3.2975433e-05,0.00013745727,5.53765e-07,2.2579932e-05,1.2715805e-07,
425,0.9999763,1.1239506e-06,2.2400174e-07,2.0689806e-05,4.0151956e-08,1.2267736e-06,5.1753076e-08,4.3616657e-07,1.6288402e-08,7.0230133e-09,
426,0.96603376,0.027770238,0.0003596614,0.003013287,0.0025843787,4.05802e-05,3.8825692e-05,6.5446075e-05,7.955976e-05,1.43209e-05,
427,0.99999976,6.503439e-08,2.1402483e-10,1.9180828e-07,2.6191982e-10,1.9611135e-09,1.708954e-10,1.6959732e-12,1.3859318e-10,2.4687355e-10,
428,0.9999937,7.7784046e-07,1.369705e-08,5.080367e-06,3.5676652e-07,4.8177576e-08,1.951293e-12,1.7237062e-08,6.413399e-09,1.9805912e-10,
429,0.99989104,9.066646e-05,1.7448787e-06,6.113286e-06,1.1190202e-07,1.7962465e-07,1.0073378e-05,8.541781e-08,5.6882588e-09,1.7962249e-08,
430,0.97698236,0.013559387,0.00014385847,5.488549e-05,0.0011705069,0.005006017,0.0025147444,0.00016712706,0.000383197,1.8072613e-05,
431,0.010337781,5.011365e-06,5.5395734e-08,9.517158e-06,0.9896455,8.363051e-07,9.66512e-07,2.9254094e-08,2.1162857e-07,1.4791313e-07,
432,0.9999993,6.152296e-07,2.2123067e-12,8.1994564e-08,5.185619e-10,5.39794e-11,1.9359038e-13,1.2607403e-10,6.0804156e-13,2.748855e-14,
433,2.0709288e-07,1.4300439e-06,0.9999982,9.1004026e-08,5.4219845e-12,5.725149e-09,9.917273e-10,3.2289718e-10,3.0386442e-09,4.7568414e-11,
434,1.9056698e-07,1.244621e-09,1.106336e-10,2.4722932e-10,0.99999976,1.4774784e-11,2.1037998e-12,5.5496293e-12,5.3622293e-12,1.002482e-12,
435,0.19599076,4.5284927e-05,2.5262832e-05,6.785213e-08,0.0027331947,0.004845034,0.00047541052,0.00018633054,0.79322153,0.002477104,
436,4.8667515e-12,3.4628385e-05,1.9770576e-14,1.651147e-10,4.637396e-13,2.2503793e-08,6.5554545e-06,0.9999571,1.4945452e-06,1.7101e-07,
437,0.999966,1.1629066e-05,2.4615738e-06,1.2995301e-05,2.7650153e-06,2.3781256e-07,1.1306787e-08,3.7376417e-06,1.6042539e-07,4.5937205e-09,
438,0.9999982,3.50952e-07,3.4081367e-08,1.1475021e-06,6.144013e-10,2.51555e-07,1.6660879e-09,2.5937428e-08,2.2586077e-08,1.9478531e-10,
439,0.99931526,1.5901831e-05,2.6168125e-09,1.7360857e-05,1.3861493e-05,1.3513308e-06,0.00063005916,2.503561e-09,1.7618507e-06,4.402387e-06,
440,0.0012229965,4.111345e-05,5.885411e-09,1.0633414e-05,0.99872404,1.268036e-07,4.358676e-07,1.3722117e-09,4.738645e-07,1.5055284e-07,
441,0.11410213,3.0212448e-05,0.012417684,0.014187399,0.8568341,8.405386e-05,0.0005808418,0.0017445782,2.1671026e-06,1.6855625e-05,
442,0.99948514,2.2819322e-06,2.1460414e-06,0.0005067156,1.6520002e-07,6.9997105e-07,3.6183984e-08,2.8963038e-06,4.672585e-10,3.5769757e-10,
443,0.99993515,6.081111e-07,1.3444841e-05,5.0517036e-05,6.3149876e-08,7.2506126e-09,5.3631155e-10,1.2491317e-07,3.2630012e-08,8.751711e-10,
444,0.9999628,3.1219582e-07,2.4684832e-07,3.5350087e-05,1.0724106e-06,1.6420857e-07,4.506119e-09,7.4909305e-09,7.616781e-09,5.541669e-09,
445,0.9999466,4.469031e-07,1.3407287e-05,3.9455317e-05,1.7545398e-07,4.565795e-08,1.0046679e-09,4.3134057e-10,1.4289863e-09,9.694138e-10,
446,5.8565383e-12,6.949596e-13,5.5463186e-12,1.0,1.0025708e-11,1.0392814e-13,4.2046345e-12,3.0375845e-12,7.438654e-17,2.4466486e-13,
447,0.04170954,0.014696444,0.92940885,1.7414251e-08,0.00039056776,3.1481425e-06,0.013730906,1.3399845e-06,5.754903e-05,1.616948e-06,
448,4.85235e-05,3.5005753e-06,3.8428723e-07,0.0011492469,0.998676,4.6542633e-07,0.00011694035,1.1034937e-07,3.2217687e-07,4.4974477e-06,
449,0.9999622,1.4621811e-07,2.510138e-08,3.7442904e-05,4.5792184e-08,2.5648802e-08,5.0327134e-08,1.6704423e-08,1.5056907e-09,7.054746e-09,
450,0.9999999,1.1081572e-09,2.699369e-13,1.4866121e-07,2.2513762e-09,2.6201413e-11,1.4814212e-14,1.179699e-13,7.0866567e-15,4.222896e-15,
451,0.0005616447,8.915676e-06,4.190104e-09,4.097991e-06,0.0003920704,8.923689e-06,0.9987556,1.07176765e-08,0.00026123272,7.5938306e-06,
452,0.99972004,2.1126723e-06,2.3113463e-11,0.00027777706,1.3499893e-08,1.2031616e-10,5.2885603e-09,4.83358e-10,1.2080388e-10,3.314926e-11,
453,0.99999595,3.1893066e-07,2.0515214e-08,3.785519e-06,5.4685173e-10,2.0042912e-09,2.1094715e-10,4.0127843e-09,1.1064759e-09,1.0053648e-10,
454,0.9999858,3.7306913e-09,4.753749e-09,1.4134757e-05,8.9111385e-09,7.027123e-10,4.3950357e-11,4.070052e-10,2.112638e-11,2.8817287e-12,
455,0.9775204,0.0001581139,0.014964086,0.0057096775,0.00033812158,0.0011242803,7.266261e-05,0.000101894395,6.1587234e-06,4.5706415e-06,
456,7.359741e-05,1.0373985e-05,0.70378804,0.29594222,7.555059e-05,4.826288e-06,9.087495e-05,1.3517794e-05,9.40378e-08,9.2440007e-07,
457,0.00012275015,0.00017683709,0.9900005,0.00011119521,0.00014917058,6.268103e-08,2.7658412e-05,0.009411352,1.6430036e-07,3.0944622e-07,
458,0.0001946264,0.0002511148,0.99814403,0.00053928234,5.7890148e-08,6.011191e-06,0.00079323177,1.0725758e-05,5.8343838e-05,2.688199e-06,
459,0.9999981,7.510262e-10,8.722455e-12,1.8727891e-06,2.32699e-08,3.760311e-10,1.536408e-11,4.3672257e-09,4.207854e-11,9.471062e-12,
460,0.9995259,1.0141498e-05,2.9001797e-07,0.00040600845,5.7050853e-05,3.9273232e-07,1.1721081e-09,3.0140103e-07,3.1251524e-08,7.2899584e-09,
461,0.9999962,4.763106e-07,9.780914e-09,1.824329e-06,5.604892e-07,2.34221e-08,1.5613429e-09,9.43301e-07,2.9974454e-09,5.412473e-10,
462,0.9990565,0.00032153385,3.951723e-07,0.0005751454,3.6215326e-05,2.7499386e-06,1.9429796e-08,5.932491e-06,1.4724135e-06,5.816531e-08,
463,0.99999905,2.8571674e-07,9.402168e-09,6.989418e-07,9.912434e-11,1.4215932e-09,8.0541923e-10,1.3590284e-10,1.7262362e-11,4.8737555e-12,
464,0.998156,2.5405765e-07,1.8464291e-07,0.0018433486,8.789427e-09,1.204221e-07,1.366188e-10,6.0151817e-09,8.1555984e-10,2.4002286e-10,
465,0.9999894,1.87529e-07,5.2467067e-07,9.449122e-06,1.3554643e-07,3.8844224e-08,6.8793726e-10,2.9106923e-07,6.871858e-10,2.2625235e-09,
466,5.504284e-06,0.00037636596,0.9995553,5.5278167e-07,9.4156957e-07,1.4953066e-05,7.1630125e-06,1.732526e-07,3.8937178e-05,1.1355737e-07,
467,0.9980557,4.8524358e-05,8.536789e-05,0.0017967924,9.937394e-06,1.5035406e-06,2.1148347e-08,2.0041598e-06,5.912564e-08,5.3927206e-08,
468,2.1416872e-06,2.4392368e-05,0.99994314,2.471445e-05,2.9913966e-10,6.528259e-07,4.6742316e-06,1.7190513e-07,9.0499995e-08,4.9036004e-08,
469,0.99999166,8.108429e-08,1.7393346e-07,6.7301935e-06,1.1804746e-06,2.6729876e-07,6.2663474e-10,1.0998647e-08,6.4912875e-09,1.4118516e-10,
470,0.999985,8.312028e-06,3.439428e-09,6.392543e-06,2.5427406e-07,1.5738662e-08,6.6292133e-10,5.159652e-08,8.832564e-09,2.4485997e-10,
471,1.0932978e-08,5.4828655e-07,3.5288313e-12,4.1320343e-11,1.0427147e-12,8.368133e-09,5.889228e-07,0.999998,1.9338201e-07,5.8666257e-07,
472,1.2188774e-06,7.003176e-05,4.3030007e-11,0.99842393,8.643524e-12,1.2035602e-07,0.00150468,1.2859344e-08,1.7413762e-12,6.986242e-08,
473,0.999951,3.8989495e-07,2.079417e-06,5.0152607e-06,4.1450865e-05,5.1084005e-08,5.6700222e-09,3.036411e-08,5.725545e-09,1.2716829e-09,
474,0.99884963,4.6833266e-05,2.6041096e-07,0.0010963067,5.207675e-07,1.8609593e-07,1.2119325e-07,6.170838e-06,3.024913e-09,7.689709e-09,
475,1.4957851e-06,1.2361537e-07,1.4623508e-08,5.4084417e-06,0.99999297,1.1544249e-09,2.26213e-09,9.893713e-11,3.0195837e-10,1.2941502e-09,
476,0.99999785,2.1668698e-06,1.5457978e-09,2.2749326e-08,1.9913822e-08,8.610396e-09,1.5931654e-11,2.085495e-11,1.7691298e-11,1.29404916e-11,
477,0.9999976,5.351381e-07,2.5275892e-07,1.5846865e-06,4.0810185e-08,4.093437e-08,6.145252e-10,3.397521e-09,1.2054543e-08,5.049331e-09,
478,0.9794489,3.810965e-05,6.582861e-05,0.02024837,0.00018961578,4.222201e-07,1.930398e-08,8.1963435e-06,2.2921124e-07,2.787194e-07,
479,0.5009607,6.377343e-05,0.101573005,0.004135609,0.3598491,0.031851336,0.001008968,2.787617e-05,0.0005124766,1.7141418e-05,
480,0.9996588,7.211322e-05,5.57504e-05,3.3441516e-05,3.2846783e-05,2.3805069e-06,9.4619165e-05,1.713666e-05,2.44574e-05,8.353978e-06,
481,0.0042249677,0.00056135945,0.97720796,5.030005e-05,1.4539921e-05,6.741702e-05,0.016771264,0.00060209114,0.0004920634,8.091782e-06,
482,0.035743512,0.013743222,3.170732e-07,1.5564808e-08,0.9505074,6.694931e-08,5.36977e-06,5.389079e-08,8.124182e-09,1.3686702e-08,
483,1.0,1.4661754e-09,1.9344906e-10,2.9570158e-08,5.0572026e-11,4.840352e-09,2.7225022e-10,1.5982442e-09,2.9763108e-12,1.7503671e-12,
484,0.9998592,3.067445e-06,8.2147395e-05,4.597512e-05,6.421972e-06,1.4732634e-06,3.135503e-07,1.2385765e-06,9.984092e-08,1.2227698e-08,
485,0.99999905,6.618751e-08,4.6555446e-10,2.84643e-07,3.532154e-07,6.51526e-10,8.73798e-09,2.1055018e-07,2.31929e-09,5.7634325e-10,
486,0.99998,4.55185e-09,1.039734e-10,2.0010128e-05,3.2010247e-10,1.8664514e-09,5.2093475e-11,1.461367e-08,9.976697e-11,4.5942267e-11,
487,0.9990125,9.497969e-05,0.00036131367,0.0001005581,0.00038572168,8.157103e-06,6.634547e-07,1.2092207e-05,2.30642e-05,1.0289124e-06,
488,7.128235e-08,3.0093157e-05,1.2879727e-05,1.04311044e-13,1.6056855e-08,0.011248988,0.001177417,8.440377e-10,0.98750186,2.8709395e-05,
489,0.98961055,3.0304236e-06,4.3078767e-06,0.010378292,2.4244298e-07,6.4145006e-08,4.1820658e-07,3.0662036e-06,1.39268375e-08,8.462859e-09,
490,0.0035201723,0.0009243681,0.9878021,0.005759518,3.3108385e-08,6.5571176e-06,0.0019651495,3.650158e-07,2.125357e-05,5.264706e-07,
491,0.9926594,4.574237e-05,0.00012679269,0.0046864827,0.000466853,0.0018487892,7.2373005e-08,2.5180207e-05,0.00013574774,5.0067006e-06,
492,0.98979783,3.255911e-05,4.2862877e-07,0.0101378625,1.749506e-05,1.1151432e-05,2.8937026e-07,1.4735824e-06,7.5763575e-07,2.2277446e-07,
493,3.4095603e-06,6.840748e-10,6.073401e-06,1.7016275e-07,0.9999896,6.3389035e-07,4.719014e-09,1.1595208e-09,1.6100838e-09,5.0500847e-11,
494,0.96416914,1.5030907e-05,2.4272877e-05,0.035725754,3.414801e-05,3.0652027e-05,3.3887821e-09,4.949702e-07,2.6880795e-07,2.6314757e-07,
495,0.999997,3.0343795e-08,1.2689452e-09,2.2253753e-06,1.1925891e-07,4.0796442e-07,1.298256e-07,2.7551035e-08,3.0662661e-09,5.1940807e-10,
496,0.9999968,1.7767214e-09,1.5061679e-09,3.1962713e-06,1.5616351e-10,6.0669456e-11,4.6750524e-12,9.513733e-10,2.4587596e-11,3.90461e-12,
497,1.0,2.3229147e-08,2.0284943e-09,2.820068e-10,4.3010786e-08,1.250371e-11,5.157195e-14,3.6820362e-13,3.4681657e-11,1.0585476e-12,
498,0.99846447,0.0015069857,9.415109e-06,9.594261e-06,2.2282586e-06,3.989207e-07,3.8342637e-06,2.5073182e-06,4.5866912e-07,8.8888335e-08,
499,0.99965894,7.150974e-05,9.954264e-07,1.1428592e-05,2.1764154e-05,8.0579565e-07,3.0676147e-06,0.00023114953,2.9711492e-07,3.3268645e-08,
500,8.805192e-06,1.6854018e-06,0.9999639,7.673421e-06,1.625238e-07,4.289532e-06,9.863313e-06,6.671878e-08,3.2795647e-06,2.6445406e-07,
501,0.000120117096,2.351663e-05,0.99864084,0.0011004121,4.155828e-06,2.3136634e-05,8.1718696e-05,2.8135094e-07,5.452011e-06,4.0076907e-07,
502,1.9494401e-07,0.00019014932,0.99977535,1.3196718e-06,8.788055e-08,7.1791374e-06,2.0658777e-05,9.4710664e-08,4.861828e-06,1.1614313e-07,
503,0.9999887,1.1219378e-05,4.407999e-09,4.3316888e-08,3.3840124e-09,1.3817821e-11,1.1134572e-11,1.9730614e-08,8.554997e-10,1.4595941e-12,
504,0.19675215,0.00064192916,0.8003786,0.0020074756,6.6628337e-07,0.00011985487,9.0147114e-05,2.6500547e-07,5.468546e-06,3.3863716e-06,
505,0.99293184,0.0021041455,3.2809946e-06,0.0020642143,0.00024247557,0.002629031,8.245431e-06,1.0427298e-05,4.25838e-06,1.9870938e-06,
506,0.00010405716,1.2748881e-05,4.088471e-07,1.4365336e-08,0.9998828,2.7893037e-08,2.7119027e-09,1.9902107e-09,1.103192e-09,4.555235e-10,
507,0.9984628,1.0226524e-06,6.7267514e-08,0.0015357638,2.4570681e-07,1.8604053e-09,5.2378846e-10,2.5173984e-08,5.459417e-09,1.1955043e-09,
508,0.9997024,0.00012653327,4.919365e-06,2.4352005e-07,1.6780697e-05,5.9539223e-05,7.4365914e-07,5.7388167e-08,8.699732e-05,1.6123216e-06,
509,0.99999666,2.4202835e-08,5.5542618e-08,3.2918306e-06,2.6568776e-09,2.567367e-08,1.3774633e-09,3.4167469e-09,4.379304e-10,5.8709045e-11,
510,0.99999535,5.8604707e-07,6.9070175e-08,1.1406131e-06,1.0582662e-08,2.8561205e-06,2.7142932e-09,2.2133344e-10,2.373204e-09,7.520107e-09,
511,0.91197425,4.2656975e-06,1.3214009e-08,6.5716695e-06,0.088003024,3.2847336e-08,1.0423951e-05,5.697379e-07,6.550593e-07,2.2271908e-07,
512,0.91579497,0.00023520173,0.033231314,9.35427e-05,0.003236812,0.046927486,2.976064e-07,0.00020814463,0.0002672696,4.919761e-06,
513,0.9964502,0.0007196849,2.650311e-06,0.0015157093,0.00035369326,0.0004896936,0.00019411111,7.5706084e-05,0.00019378003,4.8263705e-06,
514,0.9999968,2.6128061e-08,1.2462313e-11,3.2373391e-06,8.746138e-11,7.2086146e-09,7.0719115e-09,1.8723176e-11,4.0607023e-12,7.0134684e-12,
515,0.9999975,2.1617602e-08,4.154656e-12,2.5043637e-06,9.245596e-11,1.0443938e-09,8.297355e-13,1.2352774e-11,3.718065e-11,4.756664e-12,
516,0.07535744,2.9664696e-05,0.92415446,0.00035040703,2.1218028e-08,9.796863e-07,0.00010028798,1.3474094e-06,2.1406888e-06,3.320918e-06,
517,2.5173573e-05,4.7982103e-06,0.9998809,2.033459e-05,6.3003563e-07,1.2536938e-06,6.6343586e-05,2.716526e-07,6.653699e-08,1.1395351e-07,
518,8.431732e-08,1.057605e-06,0.9999987,1.05567565e-07,7.234895e-13,5.126219e-10,6.59334e-10,2.36148e-10,1.4427874e-09,1.0692493e-10,
519,0.99569327,0.00069369434,3.9034618e-05,0.0033019606,0.00014808319,1.3203925e-05,1.2743576e-06,0.00010788148,7.2759053e-07,8.2584353e-07,
520,0.9999001,8.513317e-05,9.907429e-07,1.1895555e-07,5.133727e-06,3.92823e-06,1.5734092e-07,4.2240204e-06,5.9050013e-08,8.64633e-10,
521,0.999806,5.6150684e-06,7.356626e-09,0.00018160137,5.4337847e-06,1.2815461e-06,5.089533e-08,2.7528635e-09,1.8706249e-08,7.739809e-09,
522,6.7881416e-09,4.0000606e-07,2.3706727e-08,9.482872e-10,0.99999964,5.809725e-10,3.250057e-11,9.290126e-11,9.2228246e-11,1.8265868e-11,
523,0.79934657,0.0037534407,0.053333748,0.025194675,0.11794945,1.1933006e-05,4.7752123e-06,0.0004024773,6.013562e-07,2.3967443e-06,
524,7.766033e-08,2.6005116e-06,0.999997,2.3590832e-08,4.9999027e-10,1.3683537e-07,7.753955e-08,4.4347175e-09,3.6398683e-11,1.3673412e-09,
525,0.99887604,0.0011238641,7.6047595e-09,1.5751124e-09,1.3471834e-08,5.015036e-08,3.2488572e-08,2.0430917e-09,1.298166e-08,8.777579e-10,
526,0.87685555,4.3706846e-06,0.12289235,0.00024557707,2.9331634e-08,5.9185993e-07,9.0329144e-07,4.4527013e-07,1.7953381e-07,1.9186613e-08,
527,3.2926964e-05,3.3474465e-05,0.9998559,2.626033e-05,1.0479636e-08,1.6590147e-05,1.2876284e-05,2.8647875e-07,2.0358219e-05,1.3089132e-06,
528,3.816435e-05,0.000653548,0.99924976,3.768558e-06,1.9300335e-06,3.386163e-05,5.1147354e-06,2.4048304e-06,1.1272487e-05,9.828653e-08,
529,0.9999994,3.6157832e-07,3.893917e-09,3.8639115e-08,2.0102058e-07,2.9276448e-09,1.125189e-09,8.882017e-10,1.2260194e-08,3.0171454e-10,
530,3.8492064e-05,0.011004382,1.3677427e-09,0.44326162,0.5456575,2.4344828e-05,7.199876e-07,5.128439e-06,3.9141185e-08,7.7599325e-06,
531,0.9999988,1.1630074e-06,1.3083062e-14,6.233088e-13,4.4372275e-10,1.034325e-12,1.0159108e-12,3.2677474e-13,1.8605837e-08,3.7894143e-11,
532,0.9999988,9.853066e-09,3.2781466e-10,1.2146554e-06,1.619966e-08,2.3364647e-08,2.6992895e-09,2.525976e-10,3.3642555e-10,4.408829e-11,
533,0.00019127189,2.778974e-06,0.99971455,7.5466574e-05,4.538151e-09,6.648634e-08,1.5194266e-05,3.4486938e-08,7.2125283e-07,9.509276e-09,
534,2.1194678e-12,1.7334926e-08,1.2170867e-09,4.209397e-10,1.0,2.74625e-12,5.677142e-12,3.9825105e-11,5.468019e-13,3.929397e-12,
535,0.009206479,0.013593669,0.97353154,0.0014489766,4.55676e-06,0.00016007666,0.00026087216,0.001766141,2.4962474e-05,2.6402222e-06,
536,0.9999968,2.3548209e-08,7.9934746e-11,2.9488313e-06,1.5938068e-09,5.9548995e-08,2.3235065e-11,1.7480755e-07,1.02143946e-10,3.3099294e-11,
537,0.9998945,8.75258e-05,1.4947317e-07,1.7838964e-05,5.8718477e-08,2.8515483e-08,7.482176e-10,1.23482e-08,9.750287e-09,7.984097e-10,
538,1.2948472e-07,4.4270146e-07,6.234952e-07,0.99999714,3.3423329e-09,1.0210615e-07,1.5760413e-07,1.3230523e-06,3.842094e-10,3.860639e-08,
539,0.0005159231,0.021158112,0.9770871,0.0004780436,2.2818333e-06,4.8313254e-05,0.00064313866,1.3226562e-05,5.3285716e-05,5.081228e-07,
540,0.99997294,1.2536262e-06,1.1671748e-08,2.5601561e-05,1.2853239e-07,3.04065e-08,1.9338583e-11,2.7393152e-10,4.3450543e-10,1.5830189e-10,
541,0.99997175,2.49162e-05,6.9602253e-09,2.6056193e-06,4.3683315e-07,2.841113e-07,4.587224e-09,1.7884112e-08,5.433236e-09,2.824172e-09,
542,0.11658963,0.0015529894,0.0035467602,0.0016011286,7.0546444e-06,0.00032566974,0.8736287,5.532142e-05,0.0026450313,4.7760273e-05,
543,0.9743391,0.0031854543,0.00039088412,0.003537644,0.0028147467,0.0003251181,0.013843727,0.0015566486,1.9108695e-06,4.653474e-06,
