0,0.99999344,6.354032e-06,1.5338902e-09,8.007425e-11,1.0713838e-09,6.590304e-09,3.010549e-11,1.7889139e-08,6.2121586e-08,4.504688e-11,2.2487543e-11,2.157207e-09,7.194662e-09,
1,0.96434075,0.035649028,7.4158527e-07,3.5005016e-08,8.693165e-06,1.4308472e-07,8.327009e-08,1.3417923e-07,9.9585044e-08,4.044164e-09,1.2707493e-07,1.344213e-07,3.674096e-08,
2,1.0,6.3538e-10,4.425416e-14,8.699349e-11,7.561811e-09,6.00969e-11,3.0682891e-12,8.969545e-10,1.0760328e-10,1.9653171e-11,2.5675537e-14,2.1608718e-11,1.60989e-11,
3,3.154047e-09,1.2371216e-15,6.0744895e-11,7.555164e-16,5.258821e-10,2.1046631e-08,9.923599e-08,3.2409498e-12,0.99999976,4.584958e-08,2.8904594e-13,1.0215571e-07,1.2468337e-08,
4,0.40156454,0.5970184,5.494065e-13,3.731898e-10,3.0494235e-08,2.5580992e-05,0.001366618,8.96709e-06,1.7266181e-07,1.1599347e-08,1.1505547e-06,1.2509602e-05,1.9788724e-06,
5,0.25288305,0.7471108,2.0082758e-09,2.5091684e-10,4.1937237e-06,5.429924e-08,2.8699501e-08,1.6247354e-06,4.1518597e-10,1.4949131e-10,1.01677166e-07,9.575275e-11,9.921845e-08,
6,0.99999046,8.724521e-06,2.3082164e-08,1.6065053e-09,3.3041468e-07,3.6442628e-07,1.2904423e-09,6.551936e-08,1.3447359e-08,2.1490203e-09,6.530279e-11,1.9830647e-10,5.2712995e-08,
7,3.1552656e-05,2.0555059e-05,0.3641125,0.017044878,0.5772412,1.2688095e-05,8.309546e-05,0.03978029,3.2988813e-05,6.653205e-05,3.7946473e-05,0.001378699,0.00015705547,
8,1.1224842e-22,3.4052384e-24,1.1696393e-18,2.9911995e-20,9.806219e-15,2.0861454e-07,0.99407494,0.0059248693,1.0241055e-15,2.1735178e-11,5.4583688e-11,2.0647195e-13,1.3376615e-11,
9,0.008824333,2.9075147e-07,0.105156496,0.024512537,0.55915105,9.803616e-06,0.036157377,0.00092721375,0.2548339,0.0044534556,8.394939e-05,2.2620954e-05,0.005866943,
10,6.9420747e-10,2.5702988e-11,4.6356277e-07,1.579118e-05,4.309395e-05,7.1669876e-07,6.9373465e-07,3.8320144e-07,0.9995927,4.071329e-06,1.3191997e-09,0.00026628844,7.570332e-05,
11,0.9690452,0.030766953,7.659142e-07,3.7799356e-07,1.1282501e-06,5.856674e-05,6.676655e-06,3.4772922e-05,6.0481194e-05,5.937765e-07,2.0885193e-06,6.2656504e-06,1.5943999e-05,
12,0.9999976,1.685552e-06,7.627989e-10,5.985093e-11,8.386957e-08,1.901375e-08,6.5067347e-09,3.7470878e-07,9.9768314e-08,2.9614028e-10,1.1091273e-09,2.9387802e-08,1.6425368e-08,
13,4.993999e-09,7.68125e-10,1.409237e-06,4.8532742e-09,0.00023672119,1.0970094e-08,4.5716424e-05,5.774863e-08,1.244216e-07,0.9997154,2.3335683e-07,9.5318375e-09,2.1510246e-07,
14,2.959748e-06,1.2923382e-09,2.9031284e-07,0.0007149662,0.99917763,1.4875664e-08,1.6942408e-07,6.19262e-07,2.9460633e-05,7.349676e-05,9.292349e-09,1.3540055e-08,4.1261532e-07,
15,0.010227057,0.05807009,0.91752034,3.4239612e-05,0.006859119,0.0007627791,6.41009e-05,0.006261356,6.4680244e-06,0.000105698324,8.537097e-05,3.640202e-07,2.9550372e-06,
16,0.99325895,6.8294394e-05,9.185034e-06,5.457112e-08,2.9810015e-05,0.0065815714,2.675531e-07,4.7595855e-05,5.2368324e-07,5.95526e-07,7.193541e-07,2.3987757e-06,1.0164976e-07,
17,0.9998099,0.0001799215,1.0507275e-06,3.0051697e-09,9.6078935e-08,8.8519283e-07,2.2496394e-07,6.8914146e-06,8.3552564e-08,2.4307845e-09,6.830522e-07,1.054048e-07,9.3945324e-08,
18,1.0,1.0285086e-09,3.2513037e-19,1.5909459e-15,1.9371821e-14,2.5872561e-11,1.9008299e-14,3.3331084e-11,2.0915603e-13,6.5692867e-13,4.465317e-14,7.83971e-12,1.0793585e-14,
19,0.9999739,2.5905196e-05,7.987244e-10,5.1354344e-11,1.1271257e-09,8.721199e-08,9.832601e-09,5.446293e-08,1.6742325e-11,1.9259889e-12,3.6722758e-09,7.6504615e-11,6.0166503e-09,
20,0.9999993,1.0152122e-08,2.1924145e-14,1.2895592e-11,4.00517e-11,6.711532e-07,4.9079296e-11,8.766717e-08,3.7568726e-11,3.6089163e-13,1.4618327e-12,2.9794196e-13,5.6851048e-11,
21,0.841158,0.15884098,1.0755398e-07,1.2649789e-08,3.9699808e-07,1.7892064e-10,1.0372515e-07,1.04334895e-07,2.3586354e-08,5.378142e-10,7.4275532e-09,3.1754455e-09,3.3360843e-07,
22,0.9999094,7.997512e-05,2.956081e-09,3.384248e-07,2.2499427e-07,7.477274e-06,5.008814e-08,1.5226003e-06,7.3697754e-07,1.2161276e-08,1.25183925e-08,4.1951544e-08,8.2415845e-08,
23,5.6560026e-08,1.0751328e-13,8.02331e-09,0.9999982,2.56869e-07,4.12163e-07,1.9871722e-11,8.5503126e-07,2.1615854e-07,1.1723399e-09,2.5192098e-10,2.7509506e-10,1.638541e-09,
24,0.9999987,1.2782091e-06,8.010639e-16,1.06570734e-16,7.537772e-15,9.628909e-10,5.587736e-11,7.826193e-12,3.2168588e-09,5.751177e-13,2.2625441e-13,6.245944e-12,1.9723808e-12,
25,3.0643942e-23,2.0704725e-20,1.4179489e-25,3.882145e-23,2.7299323e-14,6.6461697e-12,1.0,2.0507285e-11,5.9187887e-18,1.6787536e-14,5.331866e-13,3.5695136e-17,4.4467273e-15,
26,5.8864276e-07,1.737292e-07,0.9760316,0.009175117,0.013223867,1.0920029e-08,9.42429e-07,0.00036777268,0.0011295805,6.5625965e-05,3.8344245e-07,1.1315432e-07,4.357968e-06,
27,4.233557e-07,1.3176284e-06,1.6772387e-05,0.0007097113,0.9442899,1.7537785e-06,2.6988837e-06,3.923841e-05,1.2146604e-05,0.054893546,8.151151e-08,5.5137242e-08,3.2339427e-05,
28,0.9990607,0.0009393387,2.3487643e-09,2.1867892e-09,2.9185841e-08,9.2394764e-10,9.137439e-11,1.6718218e-09,7.545263e-12,9.156031e-12,3.6416356e-12,1.388905e-13,2.30406e-09,
29,1.2769057e-07,1.467439e-07,2.7582052e-09,5.393413e-07,0.99983716,4.989775e-11,3.905567e-08,4.431151e-09,1.025974e-06,0.00016078203,7.616705e-10,2.1672775e-10,1.439939e-07,
30,4.6133417e-11,4.2758698e-13,6.7769223e-12,0.9999931,6.1299656e-06,6.6078167e-07,1.01068966e-10,1.0748762e-07,2.1049137e-12,1.6288534e-10,3.1136524e-11,5.1467403e-15,6.7517034e-11,
31,3.9994205e-08,1.3944598e-08,1.122312e-06,1.6811795e-05,0.9999497,8.3960146e-08,4.2665118e-07,5.2120134e-07,6.1979513e-06,2.5006011e-05,2.3282747e-09,6.2288135e-09,1.2134143e-07,
32,0.99999905,2.517177e-07,2.7039183e-12,2.774683e-13,4.6868287e-09,5.328721e-07,3.4346959e-10,4.2382933e-09,7.257749e-08,3.996319e-10,2.9538785e-12,5.9224553e-10,2.3093612e-10,
33,0.0009291923,0.04574236,0.0012331811,2.0917665e-05,0.009801394,0.9331708,0.0031352406,0.004866352,0.0004833515,0.000107068874,0.0004022179,2.1316117e-05,8.664742e-05,
34,8.596175e-23,7.247209e-17,1.51807e-20,1.9008051e-21,4.9213376e-11,1.0027879e-09,1.0,8.3841606e-12,1.575273e-17,1.898645e-14,7.797774e-12,3.9495884e-15,1.5168966e-14,
35,1.4340152e-09,1.0895713e-12,0.9997061,0.0002316234,3.6365614e-07,2.5702193e-10,7.787792e-10,6.186218e-05,3.7180985e-09,1.6491326e-08,1.0307398e-08,6.7631706e-10,4.2109424e-08,
36,0.010249873,0.98974854,2.6900274e-10,1.0495737e-09,8.2650917e-07,1.257315e-07,3.014293e-07,1.7841977e-08,6.507269e-08,6.8413556e-08,2.6284624e-08,5.2776707e-09,6.1959824e-08,
37,7.9080555e-09,1.2893109e-09,4.1822805e-08,0.9970272,0.0029493887,8.806881e-06,1.2510889e-06,1.1629718e-05,1.954722e-08,4.4552783e-07,1.149386e-06,1.2426455e-09,1.4894727e-08,
38,1.0453773e-12,7.832434e-15,2.5089835e-12,1.0,5.533085e-10,2.7445903e-08,2.6705697e-12,1.0722784e-08,5.446427e-11,1.5901391e-11,3.5090903e-13,6.325428e-15,1.5975629e-11,
39,1.5523264e-07,9.954588e-06,0.96052647,0.039232947,0.00021928662,2.9438475e-08,7.297235e-07,2.6550515e-06,1.956706e-06,1.9143204e-07,3.5047447e-06,1.6235157e-08,2.0067525e-06,
40,0.0003062691,2.3116935e-07,4.4368622e-07,0.017884174,0.40688747,6.3888538e-06,1.8622002e-05,1.5072965e-07,1.00541265e-05,0.5748851,4.556364e-08,8.92183e-08,1.0007639e-06,
41,0.9990621,0.00093791675,8.063111e-15,2.7964505e-15,2.2934633e-15,9.272349e-13,1.0158686e-10,7.6758565e-12,1.9071901e-13,7.434577e-15,2.3932736e-14,1.1808759e-14,5.727696e-12,
42,1.5670408e-21,1.6733579e-21,2.6356706e-14,2.3474263e-18,1.2120749e-14,4.564427e-12,7.615277e-09,1.0,1.6873358e-16,2.6198077e-14,3.9591036e-13,1.3486309e-14,4.4607334e-12,
43,0.0013479956,0.94396085,0.027388087,8.680713e-05,0.008402421,0.008738732,0.00035940838,0.00069198414,0.005599139,0.0004179318,0.0003583826,0.0025123614,0.00013596224,
44,0.9999995,1.6101629e-07,3.9880366e-10,1.6480412e-08,1.83205e-08,3.1782838e-07,2.4912707e-09,1.7765307e-08,2.590918e-08,2.823538e-10,1.5008439e-09,1.065991e-08,1.6444647e-08,
45,1.2525631e-08,3.548724e-10,1.5842558e-11,3.7703522e-08,0.99967885,2.457066e-13,2.3849944e-08,1.9717794e-09,7.58091e-09,0.00032117128,4.8706017e-10,2.24536e-11,1.8804348e-08,
46,0.99999726,2.5549657e-06,1.0042555e-12,9.001204e-11,2.4628505e-10,2.5163704e-09,1.2981842e-11,2.2159968e-07,2.7561707e-12,8.08397e-11,6.7358485e-10,3.6156786e-11,7.369603e-10,
47,1.6829697e-08,5.0922e-10,2.1965608e-11,4.3130418e-05,2.6387283e-05,3.4778684e-06,0.01007301,0.9897389,1.501767e-10,1.1147708e-08,0.000113908456,1.6866662e-07,9.72698e-07,
48,2.8269573e-09,3.935585e-12,7.2550736e-11,1.0,4.866406e-11,1.5920383e-08,1.5068924e-11,6.908943e-09,2.9713692e-09,7.583381e-11,2.1912248e-10,2.4137528e-13,6.589442e-09,
49,0.9999975,2.3142659e-06,1.1854837e-10,1.456179e-11,7.1961046e-09,1.6295483e-07,6.4796823e-10,8.206322e-09,4.1413728e-08,4.586952e-11,1.1774382e-11,2.155322e-11,9.453722e-10,
50,0.034375787,0.00323429,0.008819777,0.07688676,0.12927294,0.002288541,0.0039014714,0.4859446,8.759114e-05,0.036644652,0.009241624,0.20746076,0.0018412416,
51,3.4253375e-10,1.8344557e-13,6.935855e-12,4.388282e-14,4.4665404e-12,0.9999982,1.4451755e-06,1.3679455e-09,2.2555124e-08,2.714968e-10,2.7522012e-07,6.938327e-09,9.382435e-13,
52,2.82241e-07,2.965144e-05,0.015292023,0.8857674,0.096577525,5.5287876e-09,4.629977e-07,0.0023036357,2.9101358e-08,1.0973237e-06,1.4593601e-06,4.8516375e-07,2.6011006e-05,
53,8.528439e-10,5.5789945e-07,0.9555469,0.03600708,0.0083597815,3.7706922e-08,1.2374501e-07,6.225789e-05,5.479619e-07,2.0028509e-05,7.2892215e-07,4.7650563e-08,1.901412e-06,
54,0.99999726,2.7103297e-06,6.6115895e-14,4.1819758e-14,1.6030611e-12,4.788329e-09,9.912247e-11,6.094718e-10,1.34827175e-11,5.6951264e-13,1.7424028e-14,9.165392e-14,1.1491216e-10,
55,0.9995528,0.00044646673,4.1822517e-08,7.15286e-09,3.181847e-08,4.5725965e-08,2.1886843e-09,1.3860615e-08,5.3746805e-07,2.8721778e-10,2.076046e-09,9.410941e-09,1.6394843e-08,
56,4.9957243e-09,4.4774553e-09,0.98629296,0.0013103238,0.012222095,5.6200423e-11,9.688617e-08,3.0748077e-05,9.513151e-05,4.8056936e-05,7.897802e-09,1.4756846e-07,4.1342452e-07,
57,1.0,1.8521941e-08,7.437875e-13,5.5317862e-14,6.39848e-14,9.960304e-10,2.3099116e-12,5.5293263e-11,2.3831748e-10,1.5623594e-12,3.2461748e-14,9.896174e-12,3.5846558e-12,
58,2.1362603e-09,4.7611454e-13,2.7325778e-10,0.9999995,2.244132e-07,3.480183e-08,3.5443348e-10,1.9960447e-07,6.9054116e-12,9.281323e-11,6.698488e-11,5.658499e-13,6.34413e-11,
59,3.5504719e-10,4.9344e-11,1.8355443e-08,0.9999881,9.395608e-06,5.9951543e-07,8.0532747e-10,1.4613233e-06,1.8624355e-07,1.6770339e-07,2.491203e-10,1.3515492e-12,7.417462e-08,
60,0.00026378583,0.00012516096,0.79190564,0.18831502,0.01697594,0.0010979834,1.0366263e-05,0.001255655,3.3695294e-05,3.5995376e-07,1.1666758e-05,1.2357792e-06,3.4614484e-06,
61,0.09409606,0.0021557347,0.18054746,0.023246026,0.0090450775,0.00017484196,0.0012554423,0.0031501057,0.6174193,0.00012962642,0.00128162,0.011733057,0.055765647,
62,7.6542364e-08,1.4089584e-10,2.6476512e-08,2.1546446e-08,2.4622602e-07,8.869485e-09,1.2069536e-05,6.876476e-08,4.7261216e-07,0.9999869,3.3111835e-08,6.142271e-09,1.7492256e-07,
63,3.2402356e-06,1.28085e-09,2.298813e-06,0.9861356,0.013780987,1.3545205e-05,9.650544e-07,4.9485338e-05,6.898047e-08,1.3626363e-05,9.986968e-08,2.376958e-09,1.3446423e-07,
64,1.3072431e-08,1.4074916e-12,2.6818141e-11,0.9999993,5.968096e-07,9.196382e-08,7.0618705e-10,1.2342689e-08,2.8878674e-10,5.664597e-10,1.7443926e-09,1.3682274e-11,2.3648044e-09,
65,2.193709e-10,3.4619037e-09,0.9995328,0.00046669834,5.2288517e-08,2.0220939e-12,2.8377065e-10,5.501801e-07,5.392403e-09,5.2814997e-10,3.0879381e-09,7.4862457e-11,8.18541e-09,
66,1.3869168e-07,2.129471e-08,1.3754586e-05,0.0004316726,0.9957644,8.742517e-09,1.3274665e-05,3.0601984e-06,0.002907406,0.00086180866,1.1219026e-07,4.2306942e-07,3.9095653e-06,
67,9.919391e-07,1.214688e-07,8.502572e-06,0.00030852333,0.9955396,1.3421664e-08,2.5189793e-05,2.0061612e-05,0.003668167,0.00041149705,1.1817424e-07,3.2307444e-06,1.3989925e-05,
68,0.9607847,0.03921188,8.6959506e-10,2.4378026e-09,6.541083e-08,2.3085594e-08,1.3904288e-08,3.322636e-06,8.266598e-10,6.084392e-11,3.6248546e-09,1.3666959e-09,3.066054e-08,
69,0.997097,0.0028393748,9.494464e-08,5.042277e-07,5.200548e-06,1.2527621e-06,1.0774533e-05,7.3027195e-07,1.9753152e-05,3.0691108e-06,8.2475964e-08,1.5691525e-05,6.4257283e-06,
70,0.9999908,9.116961e-06,3.2100204e-11,8.781377e-10,9.627041e-12,2.1686455e-09,2.4539943e-11,2.1029458e-09,2.9355374e-09,5.963832e-12,1.4755754e-11,1.8436562e-10,8.9381585e-10,
71,1.0,6.368059e-09,6.0585204e-12,8.394361e-14,8.2278406e-10,1.4040045e-08,1.8735596e-11,1.6843923e-10,1.2500099e-09,2.4832424e-11,1.4728131e-12,1.9922582e-10,1.2689072e-10,
72,3.3867984e-08,2.9056613e-10,3.4817047e-09,7.522111e-05,0.99982494,1.1971037e-08,6.3471596e-08,5.047636e-07,6.170869e-08,9.882001e-05,1.20041e-08,1.5651452e-09,1.8477428e-07,
73,0.13172524,0.00034147233,0.7560338,0.008209326,0.0014561804,0.08436909,3.5299236e-05,0.012729534,0.0005956545,0.00060882734,0.0013330459,0.00095567014,0.0016068864,
74,1.7938019e-05,2.76595e-06,0.9753631,0.006788335,0.017179957,1.4455051e-05,0.00035956362,4.079825e-06,9.934968e-07,1.4060839e-06,2.6497959e-05,8.724939e-05,0.00015367282,
75,1.1814114e-10,1.1804866e-12,1.0824463e-10,0.9999993,6.4985045e-07,2.7049083e-09,1.48732e-11,9.8248876e-08,1.5127237e-10,4.9247804e-11,3.906604e-11,4.114711e-12,7.61672e-10,
76,3.6827075e-10,9.434183e-13,2.241354e-09,2.5962435e-10,5.4191492e-08,0.0007288766,0.0059276894,0.99334043,1.2912814e-09,5.5160918e-08,2.326111e-06,3.4509473e-08,5.241394e-07,
77,0.99958843,0.00038707533,2.076333e-06,9.599154e-08,2.3734196e-07,1.5199421e-05,1.0209051e-07,3.252325e-06,2.2065594e-06,7.1166745e-08,2.7424971e-07,3.9428148e-08,8.172449e-07,
78,0.8956372,0.083232194,3.4216504e-05,1.1613142e-06,0.0011046155,0.01394168,0.00039371726,0.004354312,0.00027494456,3.23357e-06,0.00012248564,0.00031390716,0.0005863733,
79,7.43274e-07,1.6634043e-07,5.499308e-07,8.310171e-07,0.999992,2.6303594e-08,1.0990904e-06,2.6844086e-08,2.8483666e-06,1.5721747e-06,1.47050825e-08,6.5203054e-08,2.896112e-08,
80,4.692125e-07,2.7115425e-06,3.6204876e-06,6.0830004e-08,2.2029313e-05,3.9793893e-08,1.7945683e-06,9.066294e-07,0.00012478979,9.256991e-06,1.3018315e-06,0.9998286,4.263976e-06,
81,7.4856814e-08,1.1486316e-09,3.5088499e-06,1.587702e-05,0.00026921945,1.7414195e-07,7.5444186e-05,2.5465897e-07,3.190311e-06,0.9996295,3.6024392e-07,4.630368e-07,2.0259904e-06,
82,0.9996201,0.00035291846,5.3210863e-07,5.2633385e-07,3.964795e-08,1.1785914e-05,1.645518e-07,8.695668e-06,4.631718e-06,2.027418e-09,4.854452e-08,4.2836465e-08,6.462734e-07,
83,8.383163e-10,7.323258e-10,0.99997914,1.5515143e-05,5.199385e-06,4.3423594e-12,1.0415652e-10,1.0779819e-07,1.0846369e-08,5.6645366e-10,2.223199e-10,8.4864595e-11,2.62693e-09,
84,3.805304e-08,4.0717075e-07,0.00027205766,7.353624e-06,0.99968433,1.6009366e-09,1.557411e-07,1.5226307e-06,2.784497e-05,5.925981e-06,1.4248079e-08,6.326109e-08,3.7418755e-07,
85,3.092521e-05,0.00013190962,0.0072121765,0.3800708,0.6065815,6.4289607e-06,0.00010879509,0.005657014,9.484599e-05,2.2236588e-06,8.222268e-05,2.5828742e-06,1.8550976e-05,
86,0.6936841,0.29934332,0.00023278878,3.5018376e-05,0.00026408304,0.005087019,0.00014661501,0.001032637,2.8946575e-05,6.659843e-05,2.6579391e-05,4.247379e-05,9.817733e-06,
87,1.3105803e-07,8.268812e-13,1.27177735e-08,0.99998486,2.9895425e-06,3.4643037e-08,1.9728373e-10,1.1798932e-05,1.8144004e-07,4.6711177e-09,3.34347e-10,1.3963101e-09,3.0031643e-08,
88,1.9350439e-06,8.344821e-07,9.868352e-06,0.09080452,0.9036114,2.1414996e-10,1.4550379e-06,1.4585904e-06,2.1141292e-05,0.0055366606,1.8136461e-08,7.8209276e-08,1.0692419e-05,
89,1.0,1.0642043e-11,6.0800214e-22,1.5309023e-23,3.693797e-17,3.9998538e-10,2.7498062e-14,7.132624e-16,3.7170543e-14,1.0687469e-14,4.914569e-17,6.500171e-18,1.0835488e-16,
90,0.008510769,0.991469,7.029551e-08,6.4391568e-09,1.7364962e-06,2.860606e-07,2.5245424e-06,1.5227611e-05,3.450138e-09,3.3115355e-09,4.2412196e-08,5.077048e-10,3.0206215e-07,
91,2.2207587e-08,2.698445e-18,8.4944245e-14,2.3989849e-18,6.84438e-17,0.9999976,1.5341934e-11,2.3730909e-06,1.3532684e-14,2.7207677e-13,4.0612674e-10,2.6658026e-10,5.5109183e-15,
92,1.2943664e-08,7.578087e-10,1.5297708e-09,0.99995923,1.3461606e-06,3.9159597e-05,3.2948257e-08,1.3538435e-07,4.2205528e-10,1.4389771e-08,7.42415e-09,1.1962858e-11,1.4619466e-09,
93,0.99327266,0.0065963096,3.126466e-09,1.6578723e-06,1.7098088e-06,0.00011614592,2.49513e-06,6.580962e-06,2.3940515e-07,1.3980943e-07,1.3826858e-06,5.0675936e-07,1.6025285e-07,
94,0.013472793,1.0373306e-05,0.54422057,0.00026258535,0.056502756,0.001067743,0.0001528215,0.0031350316,0.28816584,0.08714565,8.520964e-05,0.0002503011,0.005528271,
95,4.8508427e-20,5.5569846e-26,2.3483477e-19,9.282056e-18,1.7677944e-15,4.395448e-12,8.5572e-10,1.0,5.029234e-17,2.5980594e-16,1.7285795e-12,1.0430897e-14,4.6148096e-14,
96,7.957871e-15,2.671513e-19,9.112743e-17,2.0499683e-20,3.9714662e-11,5.0514645e-12,4.6039127e-12,1.3210798e-16,1.0,7.554825e-11,3.091634e-16,5.6681212e-11,4.4362547e-12,
97,5.378117e-09,1.0156369e-09,4.261344e-09,0.00013807902,0.9994684,3.6438552e-10,5.7019385e-09,1.3333405e-08,4.6609934e-08,0.00039355727,5.9638045e-10,2.3238916e-11,1.2981556e-08,
98,0.15832216,0.0001953699,1.1881179e-05,0.8386983,0.0018526954,0.00021977384,1.7643037e-05,0.00012559125,1.1198127e-05,1.3066747e-08,0.00026426336,2.3340128e-05,0.00025783465,
99,1.0,7.2506645e-10,2.2184669e-14,8.544852e-14,9.039979e-14,1.4765007e-08,1.0262104e-12,9.379724e-11,1.6090659e-09,3.07372e-11,5.8735806e-14,7.998029e-11,1.9452382e-11,
100,8.99314e-08,2.9602651e-08,8.345111e-06,0.053843778,0.94579875,2.0640367e-09,5.368738e-08,0.00020132252,7.35048e-08,0.00014245318,2.4381661e-08,6.918294e-08,5.0010326e-06,
101,1.0,5.511766e-10,5.9615343e-15,1.1031402e-13,1.7872653e-11,7.126496e-11,5.5469267e-14,3.084493e-10,8.056117e-11,2.3046615e-12,8.148447e-16,3.247276e-11,2.1250996e-11,
102,0.0010566986,0.99869627,1.567392e-08,2.3097339e-06,0.0002009133,2.9925445e-07,2.0974754e-05,1.9837232e-06,5.4580073e-07,4.5675262e-07,2.5013842e-06,1.4257982e-07,1.6882066e-05,
103,1.743116e-05,1.2054181e-07,2.7426504e-06,0.9996381,0.0003409617,1.1421324e-07,4.8448614e-09,2.1353253e-07,1.8216541e-08,1.5956871e-08,2.0997936e-07,1.7928468e-09,8.8443706e-08,
104,6.255227e-08,1.3256655e-09,2.3904414e-09,1.8460913e-05,0.9995459,2.4636059e-08,4.9529683e-07,2.6703093e-08,2.2241145e-06,0.00043281572,4.0965656e-10,1.3292026e-09,3.521899e-08,
105,0.00056188804,0.0070867427,0.9488475,0.003279681,0.03993117,3.7293292e-05,8.866449e-05,8.4330044e-05,3.3147174e-07,8.927475e-06,4.174628e-05,1.7917357e-05,1.3816915e-05,
106,1.0,8.8362134e-10,1.6130287e-14,1.5830441e-13,3.3546017e-11,1.8852034e-10,4.5299037e-14,4.1243284e-10,1.7953397e-10,6.4491564e-14,1.9545106e-14,9.057635e-14,5.6413056e-12,
107,0.99999964,3.4865968e-07,2.1652604e-15,6.6721156e-12,4.594637e-09,2.2715307e-10,1.2968968e-09,9.892596e-10,8.234051e-11,2.069205e-12,2.7633345e-13,1.7197458e-12,1.1175131e-09,
108,3.8384223e-07,3.2484298e-08,4.7740294e-05,0.9999474,1.7909294e-06,1.2989234e-09,5.516777e-10,1.4206195e-06,8.302172e-07,9.858457e-10,6.7260677e-09,1.0234587e-09,3.9857287e-07,
109,3.0203282e-05,0.99996984,1.2321338e-09,1.3112739e-10,5.1377944e-11,4.6454632e-11,2.580423e-10,3.0230957e-08,1.38962696e-11,4.235811e-12,1.5787842e-09,5.9439044e-11,1.2663073e-08,
110,1.2182498e-11,6.491847e-15,1.761616e-11,5.4248076e-21,1.0725467e-09,1.2358971e-10,1.0100654e-06,2.1585727e-13,0.9999988,2.3787503e-07,2.9944944e-12,4.848517e-08,4.91511e-12,
111,0.04679569,0.0069840867,0.889932,0.0005766058,0.055146445,4.876178e-07,1.3801588e-05,0.00016385752,3.2521693e-06,0.00026654493,3.782149e-05,6.9064135e-06,7.243939e-05,
112,0.020166103,0.04605136,0.00013408293,2.2770023e-06,0.20607416,0.72287357,0.00019846414,0.003939105,2.131881e-06,1.8452735e-07,0.00045937614,9.8845245e-05,3.39211e-07,
113,0.99999964,1.7400835e-07,3.3666705e-11,2.639345e-12,1.15848344e-07,4.964956e-09,3.8221915e-11,1.8307997e-08,2.9599997e-08,3.6086804e-11,4.1694006e-11,8.2453233e-10,1.792042e-09,
114,5.4106044e-09,5.9968384e-06,7.710582e-09,4.2500896e-09,9.126775e-06,1.813705e-13,1.1667079e-07,3.8017908e-10,0.014408962,1.2932126e-05,2.9130667e-10,4.4838987e-05,0.985518,
115,1.8328204e-07,3.4792781e-06,0.14806104,0.0102424,0.48091975,3.389178e-06,3.8298112e-05,1.0661319e-06,0.0067760204,0.35391605,1.9229965e-06,7.792496e-06,2.8702134e-05,
116,0.08934282,0.0677716,2.5763877e-05,0.0012457498,0.008370248,0.047730908,0.01680446,0.7465555,2.7641974e-05,9.1315436e-05,0.0075566615,0.014311115,0.00016627168,
117,0.99802965,0.0019667293,2.515524e-08,7.005689e-10,1.7179253e-06,4.162271e-07,1.3444878e-07,5.4044347e-07,1.5667649e-07,3.8232755e-09,7.0291795e-10,6.4421153e-09,7.6786716e-07,
118,1.767169e-08,1.5837365e-07,0.94789153,0.047443144,0.0046226555,8.3537705e-10,1.834262e-07,3.8245864e-05,1.0508708e-07,6.7037985e-07,4.430137e-07,2.43124e-09,2.800037e-06,
119,0.99992406,6.768696e-05,3.913406e-09,1.9635213e-09,1.4809857e-08,7.1945033e-06,1.3882726e-08,3.4332257e-07,4.2357533e-07,1.330497e-09,1.5116942e-08,4.8689678e-08,8.189931e-08,
120,0.899332,0.10056784,1.8713571e-08,1.0507546e-10,2.0285165e-06,3.0373674e-06,3.2971744e-05,1.3554281e-05,4.2258707e-05,2.4563644e-06,7.8786925e-08,2.8610925e-06,9.187249e-07,
121,3.1461238e-09,3.413687e-08,8.5772095e-05,0.99982685,4.60078e-05,6.515021e-06,5.628548e-09,3.4613015e-05,4.3728473e-08,2.5464205e-08,2.7883192e-07,2.5231176e-12,3.6454213e-09,
122,0.99997604,2.3104772e-05,1.3884441e-10,4.8268276e-07,1.1172166e-08,1.3036988e-07,9.420747e-09,7.453533e-09,2.1018222e-07,1.6365066e-08,2.2004976e-08,1.8777033e-08,5.6336873e-08,
123,0.00025419143,0.99940693,3.0534622e-07,2.3960531e-08,1.2379662e-05,1.6657058e-06,0.00029413277,1.1308568e-05,4.6057927e-08,1.7249708e-07,8.390605e-07,2.0760135e-06,1.5910693e-05,
124,9.352615e-24,2.5501077e-20,1.7039869e-22,1.04845215e-20,6.6290064e-11,2.028661e-12,1.0,2.3328036e-11,5.122173e-16,1.8273595e-13,1.1536673e-12,4.4845254e-16,7.4059953e-13,
125,0.7769305,0.22306864,5.179378e-07,4.0298773e-09,7.925834e-09,2.4789168e-09,7.310305e-08,5.1360505e-08,1.6221329e-09,4.4124152e-10,2.1171708e-08,2.6592661e-09,6.8999846e-08,
126,0.9480682,0.051782787,6.3584207e-07,1.2452603e-06,4.023571e-07,1.0305987e-05,1.9692125e-06,0.00012349748,2.5153774e-06,1.4763608e-08,1.7884243e-07,1.32168845e-08,8.174623e-06,
127,0.9989237,0.0010518783,4.1656145e-07,2.686238e-06,6.617535e-07,4.99009e-06,7.516969e-08,7.4631453e-06,5.491424e-06,1.2735704e-07,2.6216787e-07,2.7115868e-07,1.9052094e-06,
128,9.937875e-06,1.5793063e-07,0.00022346077,0.17344116,0.82198393,1.419478e-08,1.1902305e-05,7.307244e-05,0.00213057,0.0021233365,2.8427339e-08,3.9118675e-07,2.025244e-06,
129,0.0024388516,0.9975604,2.9908104e-10,6.3137358e-09,2.9691083e-07,9.867072e-10,3.4388958e-07,1.375545e-08,1.7437541e-08,2.387096e-08,9.528304e-09,5.1766755e-09,1.1289945e-07,
130,0.0003376743,2.9868332e-08,8.1316204e-05,9.143882e-05,0.9037871,1.1750974e-07,1.9784238e-05,2.5357883e-07,5.7766512e-05,0.09561788,1.8551322e-07,1.2684613e-08,6.5803747e-06,
131,0.00034776458,1.3020002e-06,6.240105e-05,0.937329,0.061110396,1.1300981e-05,2.6184688e-07,8.6558146e-05,2.4798379e-05,0.0010221233,3.1627398e-08,6.1739076e-09,4.0450054e-06,
132,1.8658798e-06,5.45412e-06,4.4623107e-06,3.8867975e-07,0.99990785,1.3837903e-08,5.189197e-06,1.2686767e-06,3.1595268e-06,7.0095e-05,9.011871e-08,3.1344847e-08,1.4442794e-07,
133,0.8261639,0.17122799,6.023254e-07,0.0022076012,0.0001438259,0.0001083051,7.4110503e-06,5.3508364e-05,2.6201764e-05,1.9701763e-06,2.5300833e-05,7.6369406e-07,3.265272e-05,
134,4.3883173e-07,2.2736434e-07,2.3378939e-06,7.2815837e-06,0.27601257,9.1252247e-07,1.4448009e-05,3.1036976e-07,5.7167515e-05,0.7239013,1.7590764e-07,2.7810913e-07,2.5322308e-06,
135,0.9999995,3.9561016e-07,6.0417727e-16,1.8507184e-14,5.0617045e-12,3.2386694e-08,3.056531e-11,4.1824388e-11,1.0416872e-11,1.5012309e-12,1.0498482e-13,7.516186e-15,6.61885e-13,
136,0.0032962777,1.945455e-05,0.00017480082,9.734899e-06,0.009656826,0.020678386,0.00082373986,0.9644438,8.216913e-05,0.00030920794,0.00041239345,8.352895e-05,9.659879e-06,
137,4.5302095e-12,8.2513386e-16,7.7565623e-16,5.1974755e-13,1.1149041e-07,2.225538e-06,0.94813055,0.05186305,8.086534e-11,4.0191605e-07,3.6103659e-06,3.6493162e-08,1.6144245e-08,
138,2.610067e-14,1.7069049e-18,3.916579e-16,7.9263365e-14,1.9566472e-11,2.1754183e-09,1.8038508e-08,1.0,2.4668207e-17,2.372424e-12,1.9468946e-10,3.6950122e-15,1.07170696e-10,
139,0.99999976,4.068621e-09,3.3456958e-13,6.480836e-13,5.2936633e-09,1.7302857e-07,1.4556878e-11,2.5376614e-09,1.5139642e-08,8.5464974e-10,2.0593896e-12,8.5831324e-08,8.8808634e-11,
140,0.99504143,0.0049548675,3.452088e-11,2.3940916e-09,1.448585e-09,1.9738115e-06,7.5082795e-07,2.0849579e-07,7.7679164e-07,1.7422428e-08,2.9059153e-09,2.8769565e-09,4.069903e-08,
141,1.4319134e-07,4.054387e-14,5.705677e-09,9.034167e-14,3.7908665e-13,0.99980134,2.043878e-08,0.00016243721,1.4436603e-07,3.5662408e-05,2.393846e-08,1.94315e-07,2.8411878e-10,
142,1.8814628e-08,1.0091669e-11,5.226938e-08,2.8888413e-05,0.9986431,1.7956571e-08,3.2331124e-07,5.0240834e-07,3.0651273e-07,0.0013266288,1.5313049e-09,9.493365e-08,3.577042e-08,
143,0.0028152629,0.004675163,0.8696727,0.10165395,0.019673064,2.832659e-07,8.227313e-06,0.0002450519,3.9255947e-06,0.0012090732,2.845919e-05,5.5851606e-06,9.263866e-06,
144,0.00017360934,0.99982625,8.8756863e-10,2.7785699e-11,1.9554307e-07,6.085418e-10,4.183035e-09,4.3027557e-10,3.4504638e-10,2.2979316e-09,9.656747e-10,1.9055307e-10,5.7610987e-09,
145,0.00015929995,0.0010775044,0.26717198,0.72794974,2.4718984e-05,6.2347476e-07,1.2464662e-06,0.0030170388,0.0002940633,1.8764759e-07,6.4280403e-06,3.3492643e-06,0.0002938002,
146,3.4427147e-05,0.00021037538,0.021252217,3.979233e-05,0.93868184,1.7360013e-10,6.2873005e-06,5.741547e-06,0.0002148336,0.039538942,9.1492495e-08,3.6187902e-08,1.5485022e-05,
147,7.6961285e-08,8.0126355e-08,2.9426238e-07,5.851108e-07,0.995011,1.0057805e-07,6.1408887e-06,1.2327489e-07,4.018176e-05,0.004941574,2.998725e-09,1.3672541e-08,5.1528623e-08,
148,0.042314522,0.010309505,0.08058577,0.019116543,0.8159465,4.5159144e-05,0.0003360141,0.026761448,0.0001668792,0.003377392,4.0144503e-05,0.00087858265,0.0001216072,
149,9.999965e-07,9.136889e-11,8.942325e-11,0.0004140035,0.93777454,1.29307125e-08,1.703557e-05,1.7783988e-08,4.5425895e-05,0.06174779,3.5100214e-08,6.88189e-08,6.930258e-08,
150,0.99752337,0.0004491632,0.00019191015,3.1236002e-08,0.0016567175,3.2780958e-05,5.584728e-07,3.6540218e-06,0.00014116144,1.397746e-07,1.7029826e-07,2.601614e-07,7.2251865e-08,
151,2.9681063e-10,2.5428434e-08,1.311364e-10,1.628192e-09,1.2151793e-05,1.1250414e-10,4.812248e-06,2.1239082e-08,3.941073e-05,1.6341579e-07,1.8257741e-10,2.3414772e-07,0.99994314,
152,1.05334685e-07,2.6177827e-10,5.372558e-11,0.9999895,2.971799e-06,6.0241546e-06,4.6836917e-09,1.3015568e-06,4.193676e-11,4.104668e-09,8.812293e-09,2.936814e-14,7.5666323e-10,
153,0.16740043,0.29859537,0.00014974533,3.757723e-05,0.43032947,0.08473237,0.005143311,0.006109551,0.0018784701,0.0036477605,0.0015012291,0.00018431238,0.00029043443,
154,0.99999464,4.4595046e-07,3.3615538e-10,2.5943905e-09,6.7630745e-09,4.6405066e-06,1.5400932e-08,2.6933256e-07,6.7313266e-09,4.0127998e-10,2.4564883e-09,8.25666e-10,1.2883131e-09,
155,0.99995434,4.3665983e-05,8.5158935e-10,8.7851655e-09,3.0203346e-08,1.3283592e-07,2.9204928e-08,9.847634e-08,1.1982389e-06,1.9816935e-09,3.662034e-09,4.2625095e-07,1.7507624e-07,
156,0.00091394637,0.999086,1.1581284e-09,3.2409357e-12,4.3146905e-08,6.3223423e-13,7.007021e-10,8.53546e-11,9.019537e-12,7.6373186e-10,1.2114e-09,3.6649588e-09,1.0558791e-08,
157,1.031418e-06,3.2853016e-09,1.3737904e-08,2.0284826e-06,0.9986033,6.784426e-07,8.668165e-07,3.0237015e-08,6.066251e-07,0.001391464,2.5044746e-09,7.921962e-09,1.3478255e-08,
158,0.99999774,1.7836661e-06,1.3349272e-12,1.9374137e-07,2.1818106e-07,7.857609e-09,2.3589644e-11,4.4114534e-09,2.6532734e-10,3.041072e-09,5.076978e-10,4.437813e-11,6.2693617e-10,
159,1.12560586e-10,1.1576161e-11,1.5600401e-16,7.883854e-13,2.3813733e-09,8.817723e-06,0.99989164,9.931384e-05,1.2867645e-11,1.327588e-11,6.7916986e-08,2.9232644e-11,8.7610594e-08,
160,0.25607777,0.743907,2.138217e-10,3.98018e-07,8.392618e-06,2.0569194e-06,7.2097043e-07,3.2597081e-06,1.7365306e-08,3.681512e-08,6.261687e-08,2.0831054e-08,4.757368e-07,
161,0.0006287222,0.99936634,1.950739e-08,2.2885822e-06,9.2276355e-07,9.514979e-09,4.0152347e-08,1.7566506e-08,3.174857e-07,4.196915e-09,6.243186e-08,5.7474208e-09,1.3321406e-06,
162,6.0544824e-12,2.3591278e-16,1.4556736e-10,5.3357757e-10,9.129412e-07,6.0755433e-06,0.0013643443,0.9986285,5.1476773e-10,2.4295195e-09,1.06486524e-07,4.0568368e-10,1.1288923e-07,
163,0.97045857,0.029538253,8.830593e-10,1.4520258e-08,6.3916985e-08,1.2058756e-06,2.6232529e-08,5.9699386e-07,1.8790404e-07,1.4959643e-07,1.5482374e-08,7.498448e-09,8.543145e-07,
164,0.95247,8.21798e-05,0.0014692632,0.00013836447,0.00018514275,0.039621774,8.7769404e-05,0.005269925,2.1059335e-05,1.3947979e-05,0.00039506183,0.0002302039,1.5163552e-05,
165,9.309443e-09,4.535213e-07,0.99997187,2.7570282e-05,7.74775e-10,9.366959e-12,6.557404e-11,6.391197e-08,1.0641333e-08,1.771848e-09,4.188882e-09,3.6068476e-10,5.4470584e-09,
166,6.183425e-05,1.650264e-05,0.15790932,0.049996153,0.778648,1.5013219e-05,6.207295e-05,0.00021489218,0.011186219,0.00073606434,7.979356e-06,1.97737e-06,0.001143942,
167,1.7948247e-10,4.1216634e-08,7.8496915e-10,1.5288075e-10,5.1973252e-09,3.7414133e-14,2.443434e-07,5.0568686e-12,0.00021979272,1.3097788e-08,1.7894094e-11,2.6293538e-09,0.9997799,
168,3.7006682e-12,1.0456923e-09,2.4101306e-11,4.834072e-12,2.4681125e-12,1.2391949e-16,1.6222241e-06,5.9163984e-14,0.00075322925,1.2098718e-10,1.558024e-12,2.3441903e-08,0.99924517,
169,0.9999794,2.0231784e-05,3.5566642e-13,5.623684e-10,4.0685612e-07,7.834124e-08,5.888881e-11,5.234739e-09,2.201713e-09,2.360421e-10,7.734502e-11,4.1019535e-11,2.502153e-10,
170,1.6514379e-07,1.9453759e-09,6.3635497e-07,0.000711476,0.9990497,2.41439e-10,7.116354e-08,1.0055912e-05,3.2065616e-06,0.00022342241,1.305528e-09,4.3071893e-09,1.3199483e-06,
171,6.0230643e-09,1.5801496e-11,2.7741354e-09,0.9999999,1.07046425e-07,2.4635862e-09,1.6834631e-11,2.2442473e-08,5.578438e-10,1.9271212e-10,3.561011e-11,1.8122267e-12,5.141432e-10,
172,2.4074339e-08,6.8466655e-08,1.7177882e-07,0.9999949,1.6200731e-09,4.7934423e-06,8.8122515e-10,2.6626116e-08,3.200343e-08,9.2161034e-10,3.2559953e-09,1.9930451e-11,1.4461128e-09,
173,0.007204387,0.14705668,0.20702372,0.037520863,0.6000442,3.4981458e-06,0.00015145131,4.889239e-06,0.0002779025,1.700232e-05,5.55156e-05,0.00062773266,1.2130794e-05,
174,1.0,4.5747907e-08,5.9656127e-13,4.5438703e-14,3.2802063e-11,3.7906878e-09,2.7072058e-10,1.6369383e-09,2.773215e-09,1.8850444e-11,9.418437e-13,5.9424145e-12,1.0793778e-09,
175,2.6216779e-21,3.7789902e-29,3.6261385e-18,8.64818e-22,7.742201e-19,4.0296892e-13,6.220771e-12,1.0,9.912787e-18,1.3447997e-16,7.980915e-15,5.7956006e-15,1.8012097e-16,
176,0.9090098,4.4294648e-06,6.077858e-10,9.179953e-12,3.8269878e-05,0.0006297184,0.0876143,4.269055e-06,2.2691092e-05,0.0026495706,8.287827e-09,2.3366125e-07,2.6768965e-05,
177,0.9999994,3.25841e-08,3.9395988e-13,4.489273e-12,1.3751668e-10,5.950814e-07,3.4544183e-11,2.7326166e-08,5.6605822e-09,1.7377585e-12,1.6086826e-11,3.7847787e-11,9.140148e-11,
178,0.8538336,0.14616625,1.0816525e-12,7.194306e-09,1.5073189e-08,1.7880236e-08,1.1175318e-09,9.4182916e-08,2.8733838e-10,2.531304e-12,1.9966387e-10,1.99104e-11,2.8062666e-09,
179,0.9977043,9.167877e-06,1.2197947e-08,9.737005e-09,9.541096e-10,0.0022753014,3.8441743e-07,1.0363471e-05,2.4476225e-07,3.7471125e-08,8.225967e-08,4.6459716e-09,1.4419092e-07,
180,0.99584806,0.0041479566,1.409748e-09,1.2334506e-07,4.017962e-08,1.3543803e-06,7.5586036e-07,4.8778804e-07,7.1812013e-07,8.884071e-09,8.765865e-08,1.25418e-07,3.28434e-07,
181,0.038738128,1.2153346e-06,4.5779064e-08,4.333578e-09,4.293583e-06,0.960946,2.1864477e-07,0.00011272244,0.00015584666,5.988071e-07,4.1199173e-06,3.643178e-05,3.0822773e-07,
182,1.9615369e-07,1.1087334e-11,4.6046868e-08,7.8720204e-11,7.943982e-11,0.9999982,1.4761791e-09,1.4415883e-06,3.9877314e-08,2.0902437e-10,5.043975e-08,3.6429042e-09,2.4299786e-11,
183,0.97869945,0.021299778,1.8091989e-10,6.599303e-08,6.434376e-09,5.11807e-08,1.9683577e-08,2.7794493e-07,4.383773e-09,3.2856354e-10,4.6363752e-08,2.9103469e-09,1.8433268e-07,
184,1.3722755e-08,1.1027154e-08,0.011238354,0.98876023,1.0551397e-06,7.24774e-11,1.8797118e-11,3.1599325e-07,5.2596048e-09,2.8451976e-12,9.765693e-10,4.9417186e-11,1.1736218e-08,
185,5.328017e-09,9.704563e-09,5.5070984e-08,4.9500477e-06,0.9999186,4.240659e-10,1.1031742e-06,4.2863464e-09,1.1047377e-06,7.406072e-05,8.309323e-09,5.6708442e-09,6.048549e-08,
186,7.593056e-08,6.026144e-08,1.2710702e-05,4.4978857e-05,0.9941381,2.3135778e-09,1.0542815e-06,4.1008582e-07,3.6232752e-06,0.0057988996,2.048627e-08,4.3824617e-08,1.2847819e-07,
187,2.2934968e-10,1.5612548e-09,0.9996804,0.00029599105,2.3509903e-05,7.9900377e-13,1.5282296e-10,1.4289452e-07,2.4598885e-09,3.764266e-11,9.829411e-10,1.7466507e-11,7.562158e-10,
188,0.99994004,5.9311016e-05,2.8721412e-09,4.0460732e-10,5.13821e-07,8.994319e-08,2.1102482e-09,5.9958985e-08,1.3199407e-08,2.949035e-10,6.462367e-09,6.741816e-09,7.715405e-09,
189,0.696317,0.30367893,3.316312e-07,1.42519e-07,2.834536e-06,4.2675308e-09,4.16385e-09,2.2643837e-07,2.8061356e-08,2.0950295e-09,5.7944263e-08,1.645406e-08,3.1639283e-07,
190,0.39099702,0.56901777,0.035403125,0.00011990242,0.0020833444,0.0020847048,2.8258772e-05,5.5052715e-05,6.1280414e-05,8.4011925e-05,3.273879e-05,5.196233e-06,2.750682e-05,
191,4.8790676e-05,0.9999509,2.9873014e-11,1.1002537e-09,1.862455e-07,4.3319998e-10,3.6466755e-08,1.6102181e-09,1.358608e-10,4.875509e-09,1.7097491e-08,1.5825772e-09,1.2162333e-07,
192,0.9999994,6.050501e-07,2.0292288e-12,8.294443e-13,3.9515143e-08,2.3653641e-09,3.4116948e-10,2.5068178e-10,1.5350944e-08,1.4579252e-10,1.00592115e-13,1.44322e-10,5.956568e-10,
193,0.0003144495,1.1486327e-05,0.05630897,0.3152263,0.5053146,0.0004686392,0.00025935666,0.00030763756,0.0019040087,0.11827673,0.0013711393,8.78831e-05,0.00014886337,
194,3.572025e-09,4.3140832e-07,0.00037944247,0.0013012536,0.99830306,8.2160245e-10,1.7725836e-06,1.0066937e-05,8.2926704e-07,2.24858e-06,3.6756978e-07,6.068301e-08,4.488817e-07,
195,6.4956395e-05,0.0007286808,1.0306181e-08,6.3646457e-09,4.271278e-05,0.97958505,0.01803051,0.0014114077,7.4375987e-07,9.214186e-07,0.00012910363,6.0618584e-07,5.2076416e-06,
196,0.010248195,4.3327647e-05,0.002612521,0.00013313135,0.3509296,0.5286386,0.022794573,0.08121847,0.0011610528,0.0018682502,0.00013133723,2.8665125e-05,0.00019221258,
197,0.9999999,1.07343915e-07,2.0081178e-13,1.8341411e-12,1.5075141e-10,1.240831e-09,1.4858606e-11,1.9531056e-10,2.0631977e-10,2.6360604e-12,6.0257983e-13,1.1890625e-13,5.0212625e-12,
198,0.9995154,0.00048439376,2.3686382e-09,6.141457e-10,1.6133505e-08,5.920737e-08,1.386965e-07,6.538719e-10,1.36391005e-08,1.7382291e-09,4.5209894e-09,1.4518526e-08,1.3440176e-08,
199,3.031352e-14,2.9442705e-13,5.9462683e-15,4.254484e-17,3.1924546e-07,9.284523e-08,0.9999994,1.6940308e-07,2.6218297e-11,2.8444648e-08,9.995754e-10,2.7159046e-09,1.9188642e-10,
200,0.8802107,0.022800574,0.008790388,0.0125851175,0.028412098,0.041097727,0.00011267012,0.0007475592,0.0040207463,0.00077385776,6.888884e-05,2.408015e-05,0.00035553178,
201,0.982037,0.01719831,3.930943e-06,1.05250365e-07,2.1963044e-05,0.00012224235,0.00041317783,0.00015524475,6.526117e-07,8.1205195e-07,6.8830113e-06,1.6615303e-06,3.7876893e-05,
202,4.631442e-13,5.0713822e-11,3.26706e-05,4.4106155e-06,0.99996173,5.2252144e-11,1.7687429e-10,7.479273e-09,9.317076e-07,2.4953235e-07,4.039797e-11,1.7779998e-11,7.1268147e-09,
203,0.0031437594,2.2274558e-06,0.09344907,0.9033194,6.88014e-06,1.3585417e-07,1.765562e-09,6.416351e-05,2.8649965e-06,2.380232e-09,8.350661e-08,8.05643e-09,1.1422223e-05,
204,0.72110456,0.27889487,2.0352352e-11,7.939414e-09,8.899921e-12,1.1987929e-10,1.0810389e-08,1.4456997e-07,9.515583e-09,8.879205e-11,4.2878334e-08,5.9248926e-09,3.8548427e-07,
205,2.7212673e-05,0.00087233196,0.080557816,0.90997875,8.8936205e-05,4.136321e-08,7.5643607e-07,3.7621197e-05,1.8890842e-05,6.549172e-08,1.8925266e-05,2.1367416e-05,0.008377242,
206,3.8886952e-08,2.7198712e-09,6.4709593e-06,0.9999845,8.367924e-07,2.657673e-06,9.045398e-09,4.790541e-06,5.8989735e-07,2.9195672e-08,1.0009193e-08,1.9805741e-09,1.2630405e-08,
207,1.3877718e-05,0.99998605,1.378302e-10,1.9615543e-09,2.0086965e-08,5.3527627e-09,1.5840583e-09,4.861104e-08,5.4295723e-10,1.3910072e-11,1.9553244e-08,1.1052936e-10,7.757979e-09,
208,7.248373e-24,5.6041274e-22,3.6448794e-23,2.3993062e-22,5.230869e-11,1.6131768e-10,1.0,4.4617e-10,3.997437e-17,8.0757547e-13,2.0403958e-12,3.391059e-14,1.8742833e-13,
209,1.0,9.451857e-09,1.0118566e-16,2.4840247e-14,7.3352984e-16,9.699639e-12,3.3541327e-12,2.278524e-12,8.480159e-12,1.6575737e-13,9.710772e-14,4.9615707e-12,1.9006977e-12,
210,0.019556548,0.97221214,4.136025e-05,0.0015425651,0.003938165,0.0007838077,0.00033106268,0.0011175897,3.0052408e-06,0.00018634126,0.00025345647,8.550453e-06,2.533742e-05,
211,0.001172324,0.9988236,1.2208389e-07,1.3589465e-06,1.8880819e-06,1.052867e-08,1.7700111e-07,1.4605831e-07,6.0293196e-08,2.7249807e-09,6.631771e-08,3.9846352e-08,2.038899e-07,
212,2.2177011e-05,5.7031302e-12,2.1463464e-10,4.5160017e-05,0.9606522,2.0891655e-10,3.3624033e-06,2.4655944e-07,6.2042875e-07,0.039276306,2.0050013e-09,9.900367e-10,2.7512865e-08,
213,1.0,1.1646644e-12,1.4340898e-16,5.1610493e-15,4.005925e-13,2.4390042e-08,3.0713188e-14,9.291471e-12,2.5714408e-10,3.1555937e-13,1.626805e-15,3.012809e-11,2.557872e-13,
214,1.0,6.871972e-13,1.4070496e-16,2.2081828e-18,2.4322593e-15,3.860523e-09,2.8557512e-16,5.007949e-12,8.366636e-12,1.2492194e-15,5.933738e-16,3.6406666e-13,3.125407e-15,
215,3.0867607e-06,1.6877653e-08,1.4346319e-09,0.9999871,5.6317253e-06,1.0120707e-06,4.133221e-10,2.4577107e-06,3.448312e-08,1.756197e-08,3.1085236e-08,1.7154116e-10,5.2935417e-07,
216,3.106446e-06,8.651962e-05,0.15551656,0.04240475,0.7879618,4.9634336e-06,5.951904e-05,0.012378392,7.262797e-05,0.00024658127,0.00031893162,2.6297873e-06,0.00094361865,
217,3.6127258e-06,1.45591805e-08,0.0009271186,0.9990619,1.6770657e-06,6.33074e-07,8.9785296e-10,2.6437874e-06,2.080584e-06,1.1443968e-08,1.6917769e-08,6.784968e-10,1.8267933e-07,
218,0.25447777,5.152742e-06,0.00068357337,0.47799295,0.20777111,0.03953894,0.005215918,0.010744579,0.002098802,3.711e-05,0.0009749842,6.736918e-05,0.00039185266,
219,0.076124065,0.9216535,4.8528597e-07,5.5231917e-09,0.00030993446,2.5932837e-07,0.00014171285,0.0016869206,4.3520256e-05,1.0468481e-06,1.0056883e-06,9.950762e-06,2.7710978e-05,
220,0.99996495,3.427415e-05,1.9273422e-12,1.1972325e-08,1.3035749e-09,7.890477e-10,1.8166635e-07,1.31904985e-08,2.1100533e-07,7.238082e-11,1.6315352e-09,1.0595392e-07,1.3548225e-07,
221,0.0009615748,0.99903655,6.7393806e-11,2.3633825e-10,1.1007987e-06,3.127285e-10,5.091986e-07,1.4414413e-08,8.1497966e-08,3.956246e-10,8.502684e-08,9.1019054e-08,5.919955e-08,
222,0.9999993,6.1394126e-11,1.6901846e-13,4.2196745e-14,2.8803552e-12,6.8230315e-07,2.6795324e-12,6.119261e-10,1.6979137e-09,1.2720777e-11,2.2849406e-13,1.2079908e-11,1.0183738e-11,
223,0.9994947,0.00023398794,6.009803e-08,6.7416164e-07,3.339209e-08,1.2068882e-06,1.9534404e-07,1.3084316e-06,0.0002404936,3.817974e-07,4.087827e-09,8.300091e-07,2.6259808e-05,
224,2.5603424e-11,3.719825e-10,3.3400254e-06,0.9999763,3.1029765e-07,1.732426e-09,1.1603438e-09,1.2255925e-06,1.8365112e-05,2.7779538e-07,6.6077205e-10,1.4433131e-10,2.9291778e-07,
225,0.9999995,9.579561e-11,7.6862676e-16,7.106365e-14,5.9578547e-13,4.3034956e-07,9.605825e-13,7.271629e-10,3.4556695e-08,2.3076596e-09,5.7295634e-15,1.1324896e-10,4.420085e-13,
226,0.99999475,4.4734106e-06,8.271911e-12,2.2384463e-09,3.4028457e-07,2.1154182e-08,7.785653e-08,4.5195616e-09,1.5446629e-07,1.4344348e-09,1.0203057e-07,2.9779876e-08,3.276143e-08,
227,5.289694e-06,0.99999475,5.856175e-11,7.367996e-10,3.74591e-10,1.5574332e-12,6.2788574e-10,1.15175404e-10,1.0676521e-09,3.0337947e-11,1.056855e-09,4.7497624e-11,5.9773018e-09,
228,2.1668934e-07,9.24134e-06,0.99998176,6.4197093e-06,1.5791941e-06,3.0265962e-10,2.1100102e-09,6.6114353e-07,2.105143e-08,6.445403e-09,1.1507039e-08,6.259793e-08,5.8928227e-09,
229,0.99976414,0.00022848256,2.2294318e-08,1.2223056e-07,6.922865e-07,2.032288e-06,1.6012546e-08,1.7499161e-06,1.0870006e-06,3.7811528e-08,1.0924586e-08,1.1214951e-06,4.978194e-07,
230,0.0020601365,1.1051226e-05,1.5246654e-08,4.1963464e-09,4.5671266e-07,0.9979054,4.8028487e-06,6.3767184e-06,6.1676235e-07,3.0353573e-09,1.0477659e-05,6.0849135e-07,3.0671625e-09,
231,3.096662e-11,1.4060364e-10,5.9798355e-10,0.9999975,2.7933293e-08,2.0060359e-06,2.4397775e-10,3.1618913e-07,1.4034342e-07,1.6760566e-09,2.0539147e-10,3.2255932e-12,3.5279264e-09,
232,0.99999976,5.591279e-08,6.005842e-10,6.0632964e-11,8.2939994e-10,4.8072035e-08,8.891427e-10,1.7239772e-07,9.868573e-09,1.03426774e-10,9.141819e-12,6.9787544e-12,4.27802e-09,
233,3.1589448e-08,5.0934574e-07,9.3987225e-08,0.99341303,4.215501e-06,0.0001957625,1.5092819e-07,2.287851e-06,0.0063814665,1.2659149e-06,8.280027e-07,1.0670476e-08,5.2253466e-07,
234,1.6470189e-07,2.2899317e-06,0.09755762,0.00046218777,0.9019719,6.73631e-09,2.9818426e-07,2.3238797e-06,1.11245996e-07,2.1020528e-06,5.1047306e-07,2.186889e-09,3.8227375e-07,
235,0.9999927,7.165662e-06,1.7196494e-11,3.62941e-12,9.1483106e-09,9.8311965e-08,4.2580615e-09,3.001902e-10,2.5236758e-08,5.098045e-11,4.2832512e-11,2.5873262e-11,8.58434e-10,
236,3.673066e-05,0.00016853007,2.784428e-07,7.923532e-05,0.41408965,7.2225873e-07,0.0001371884,2.0707197e-05,2.616493e-06,0.58539134,1.34745e-06,4.2447155e-08,7.158943e-05,
237,0.037584264,0.96241355,5.1877844e-08,2.6295828e-08,1.7251789e-06,2.226391e-09,2.0347688e-08,1.3356785e-07,1.1109211e-09,3.2462746e-10,1.8422583e-08,7.072379e-09,2.403025e-07,
238,0.0069370866,0.0005242699,0.94410574,0.03158015,0.012861891,0.0001312492,0.00028960497,0.0022404895,1.0002655e-05,4.8376805e-05,0.0006665925,4.238977e-05,0.00056206185,
239,0.9999974,2.6000564e-06,3.863286e-11,7.9799736e-13,2.6493152e-12,1.4432783e-09,5.17534e-11,1.7510396e-09,4.624023e-10,1.0069312e-12,8.2370867e-13,4.442602e-12,6.943388e-10,
240,2.8440196e-05,7.6775785e-07,0.8479007,0.15204051,7.882343e-06,9.700274e-10,1.02170894e-07,7.82736e-06,1.2943793e-08,2.0817374e-09,4.3544364e-07,3.4263047e-07,1.3078292e-05,
241,1.0,1.9175026e-08,3.8092684e-14,1.9242794e-13,6.8130083e-13,1.0295199e-08,8.561239e-12,4.059057e-09,2.4108487e-10,5.908934e-13,4.0122927e-14,6.58754e-14,7.9236735e-11,
242,0.00029223424,0.0004202923,7.754063e-05,1.7857839e-06,0.0021522483,0.032253645,4.3052376e-05,0.09729314,7.9504145e-09,5.3408225e-09,0.86746204,3.902449e-06,9.164359e-08,
243,8.114489e-08,1.1643997e-10,1.1345162e-07,0.99998534,8.166098e-06,5.612167e-06,5.37414e-09,7.027908e-07,8.887048e-09,4.940553e-08,1.1110326e-08,5.2462392e-11,3.9040655e-09,
244,0.003348401,0.99664944,2.1674501e-10,5.6559495e-09,6.5961814e-07,9.3030375e-09,3.100325e-07,6.097382e-07,1.9059453e-08,3.0962148e-09,1.235812e-07,9.3953226e-08,4.103059e-07,
245,0.99999356,6.4558612e-06,3.0304544e-11,2.4000956e-15,9.859565e-11,4.970621e-09,8.73744e-11,5.3865784e-10,7.8487385e-09,5.610077e-12,3.2200647e-13,1.216107e-12,8.669941e-11,
246,7.723264e-11,2.746199e-18,1.6195472e-12,3.2866696e-18,1.4163593e-10,4.2327404e-08,2.754101e-09,1.1055634e-11,0.99999976,1.2614654e-09,3.7640933e-13,1.4930268e-07,1.7151976e-10,
247,0.9738972,0.018933022,0.006784199,0.00011283009,6.868041e-05,2.4690524e-05,2.5293402e-05,6.814717e-05,1.4796283e-06,5.9855985e-05,5.6755716e-06,1.3045064e-06,1.7524706e-05,
248,2.4030503e-06,6.941415e-07,0.005384018,0.0066331914,0.98735344,3.1419302e-07,7.149789e-07,0.0001327512,0.0003805042,3.5600762e-05,4.732559e-07,8.094408e-08,7.5764176e-05,
249,0.03140158,2.1803959e-05,0.00032508335,0.065091,0.77065104,8.213518e-05,7.284508e-05,1.1602943e-05,0.004892351,0.12734163,1.2659115e-06,2.4244116e-06,0.00010530024,
250,0.9999987,8.96027e-07,2.272871e-11,9.818512e-12,8.609491e-11,2.3303237e-07,1.159089e-09,7.657069e-09,8.2264265e-08,1.6389098e-10,1.7187654e-10,3.0453586e-09,2.4514948e-09,
251,0.9999987,1.4041132e-07,5.141646e-12,9.4847755e-11,4.111327e-09,1.0206733e-06,8.885869e-11,6.077781e-09,1.0955474e-07,3.925905e-10,3.9800576e-12,3.055753e-11,3.3473252e-10,
252,0.9999759,2.2731969e-05,2.0774638e-09,4.4394538e-10,2.0274513e-09,5.751097e-07,7.4362925e-09,7.268252e-07,2.4009763e-09,4.9733728e-11,1.3247942e-10,1.5460452e-11,1.8230242e-08,
253,6.2946456e-06,0.00013744725,0.4799731,0.06278831,0.4549593,6.03826e-05,7.985259e-06,0.001964412,5.1748157e-07,5.3412004e-05,3.5341345e-05,1.0349502e-05,3.1432392e-06,
254,0.04426635,0.9557334,1.2946165e-09,2.70261e-10,4.1048693e-09,2.7005695e-10,1.3807445e-07,3.2742996e-08,2.03631e-09,1.0481476e-07,2.6081886e-09,6.4746847e-10,2.998712e-08,
255,5.3846754e-05,1.2548569e-09,4.2791473e-09,5.0210514e-05,0.9956247,0.0039125364,1.3025796e-05,3.6853519e-06,3.532742e-06,0.00033812565,2.4234515e-08,2.1234713e-07,6.0253214e-08,
256,1.0,9.783522e-10,1.0531151e-18,9.344731e-17,1.8067402e-11,1.0516306e-09,4.5133648e-13,2.9735884e-11,2.9801425e-10,8.240581e-13,2.4165096e-15,3.9851702e-11,4.2325228e-12,
257,6.4524824e-10,3.3080344e-08,0.9974935,0.0025037064,2.1493727e-06,7.8345753e-11,1.7450003e-09,6.7412594e-07,6.3663737e-09,1.2585456e-10,3.755097e-09,1.8091627e-10,5.07811e-08,
258,3.7309444e-06,1.4261937e-07,1.6470468e-06,0.007372396,0.9618967,1.3394631e-05,1.0868934e-05,4.826649e-08,0.00018154012,0.030518737,4.5418165e-08,1.2931302e-07,5.2620646e-07,
259,0.021334745,7.680391e-05,0.0007178191,0.00031140016,0.9766278,3.3280092e-05,7.6539936e-07,1.4897419e-06,0.00013461431,0.0007592476,1.351201e-07,1.7351029e-08,1.8651189e-06,
260,0.99983823,0.00016039933,2.241159e-09,5.172213e-09,4.8497797e-09,6.8104464e-07,1.4216933e-08,3.1190905e-07,3.69974e-07,3.0900895e-09,2.699578e-08,1.1918136e-08,4.9402313e-08,
261,1.3498305e-09,1.4003956e-20,6.9172166e-14,4.5170075e-16,2.759678e-14,0.9999653,3.328393e-11,3.467679e-05,6.0738043e-15,4.2005206e-12,2.3973618e-10,3.731714e-11,2.0314694e-14,
262,1.2684963e-07,7.579504e-13,8.839045e-08,1.4822311e-10,4.4882523e-08,1.5992525e-08,0.00046706782,4.9899547e-05,9.874537e-08,0.9994764,1.0671745e-06,4.3282607e-06,9.662352e-07,
263,1.2113639e-05,2.987165e-06,0.9998816,5.7961937e-05,2.9761848e-05,8.960452e-09,1.743154e-08,5.650799e-06,1.0296947e-06,2.1796419e-07,5.791756e-07,8.168362e-09,8.038317e-06,
264,1.0441804e-06,0.00016150343,0.6962731,0.30306268,0.0004779442,3.0065481e-09,8.577696e-08,1.8145006e-06,1.1361581e-06,7.0955666e-06,9.107387e-06,4.334745e-06,1.9416402e-07,
265,7.141625e-11,2.1019869e-08,0.98881125,0.011183017,5.0243707e-06,3.405844e-10,2.1115909e-08,5.8791926e-07,6.689383e-08,1.8856866e-08,5.2961298e-08,2.4732798e-09,5.847674e-08,
266,0.9944569,0.0033863583,0.0016239558,4.0532314e-06,2.930984e-05,4.0343868e-05,6.185199e-06,0.00027376282,8.2850696e-05,6.568402e-05,8.548574e-06,1.0589314e-05,1.1531319e-05,
267,1.2657375e-07,5.44401e-06,0.9994717,0.00052245654,2.2361793e-07,7.7419404e-10,3.4434625e-10,8.341891e-08,1.8283879e-09,8.7944596e-11,9.22143e-09,1.2606136e-10,2.5289644e-09,
268,2.5086445e-08,5.702745e-12,2.3206983e-05,9.415029e-09,2.1171174e-06,1.687971e-08,0.00048190082,5.6352616e-07,1.04610735e-05,0.9994797,2.0109974e-07,1.4999845e-06,3.9335026e-07,
269,0.99999905,9.175892e-09,5.5491354e-13,7.632452e-14,6.5764807e-12,8.4102805e-07,5.8157307e-10,1.0899967e-08,8.2814985e-08,4.722104e-12,3.0985976e-12,4.710843e-11,4.518111e-11,
270,1.0853256e-09,1.355347e-07,0.95829415,0.041561384,6.529117e-05,3.7955585e-12,1.3133348e-08,7.670937e-05,4.5565127e-08,4.3695846e-07,3.3190616e-08,2.8232465e-08,1.8054257e-06,
271,2.0523058e-07,1.0384384e-09,3.1958032e-06,1.8704196e-07,0.00074401585,2.9393675e-08,0.00016922582,6.481553e-08,5.574329e-06,0.99907446,1.1733874e-06,3.63059e-08,1.9232352e-06,
272,1.6098456e-05,1.6727966e-09,4.4273687e-09,0.0024166463,0.99734455,5.301282e-09,8.400985e-08,1.9383658e-07,5.0828608e-06,0.00021733022,7.895705e-10,2.6515956e-09,9.7541415e-09,
273,0.0036116254,5.0979143e-05,0.99388784,0.0019816477,0.00015844339,4.398511e-06,4.2729863e-07,1.0579149e-05,0.000115768526,2.8381894e-06,1.293023e-06,4.7819685e-07,0.0001736523,
274,0.99994624,5.3724954e-05,1.6775513e-12,2.8411878e-10,1.7606577e-10,3.057364e-08,4.1516213e-09,2.1627165e-09,3.9589917e-08,9.536352e-12,2.5984694e-09,7.117925e-10,2.8848156e-08,
275,0.080178745,0.91981906,1.0204076e-08,2.5536515e-08,1.3574894e-06,2.4503382e-07,4.8761308e-08,1.2756088e-07,9.146404e-09,1.1127086e-09,1.7751721e-07,3.0060878e-07,2.8243175e-08,
276,2.498732e-05,8.606015e-07,1.2570148e-06,1.2030944e-07,5.1357514e-05,1.7166843e-06,0.010917001,2.6456559e-07,1.0972116e-05,0.9889768,1.028867e-05,1.3845089e-07,4.282906e-06,
277,4.658205e-10,9.9387286e-17,1.3434416e-15,4.5804427e-18,5.560115e-10,1.0,4.2100556e-10,1.9246038e-08,1.4447872e-11,9.42129e-10,2.7519827e-11,5.5613163e-09,1.2869781e-14,
278,2.2205326e-14,4.9970795e-20,4.8041744e-14,7.914408e-20,1.6249159e-12,5.8742924e-12,1.9110772e-11,1.6547898e-14,1.0,1.4748393e-09,3.279385e-16,4.992837e-10,7.153106e-11,
279,0.021842549,6.531508e-07,1.570852e-06,1.8846438e-05,0.0022631239,1.4138273e-05,2.3118318e-06,5.666401e-06,0.97523403,9.42631e-09,3.830051e-08,0.00061658025,3.7038865e-07,
280,5.016552e-07,3.3247466e-07,0.00013711385,0.15666445,0.82270944,2.8749737e-08,9.001915e-06,7.838415e-07,0.020274997,0.00019662654,9.6942955e-08,3.0850465e-06,3.5118685e-06,
281,6.066692e-11,5.704157e-10,1.9484213e-08,1.3180958e-05,0.99997413,1.5401912e-11,3.325916e-07,2.2171695e-07,6.6721504e-06,5.135429e-06,1.1698836e-09,1.1340572e-08,1.9952213e-07,
282,5.8101837e-06,7.3355227e-07,0.00016107484,1.2319047e-05,0.0026909222,0.00038467388,0.37993827,0.61650014,1.9266252e-05,1.3734242e-05,6.7932684e-05,0.00016924215,3.5898316e-05,
283,3.579259e-05,1.3946234e-08,7.2378796e-08,0.9995579,0.00035105972,6.6257953e-06,9.500151e-06,6.2697018e-06,1.8555531e-05,3.2241176e-06,2.2625632e-07,4.4682486e-07,1.014936e-05,
284,0.93621415,0.06378476,3.0022151e-09,7.330565e-09,5.7075904e-09,3.0650398e-07,1.0811181e-07,3.649755e-07,3.70573e-08,1.1917117e-09,6.3265084e-08,1.7872772e-08,6.91436e-08,
285,3.7764198e-11,1.2587383e-06,0.9995851,0.0001264457,0.00028301257,4.3659173e-11,1.4212765e-08,3.145938e-06,8.2795424e-07,1.5250653e-07,3.218719e-09,2.9707609e-08,4.191027e-08,
286,0.9989182,0.0010114225,3.2049045e-06,1.9519873e-06,3.7615738e-08,5.1122704e-05,1.9872887e-06,8.060726e-06,6.123746e-09,9.243893e-09,3.6580775e-06,1.2569721e-07,3.550269e-07,
287,0.9869953,0.013004379,7.622301e-08,6.4412813e-09,3.9125116e-08,1.8507217e-08,4.754209e-08,3.452977e-08,4.6829044e-08,2.51195e-10,7.136869e-09,7.943126e-09,1.3136336e-07,
288,0.11293153,0.88706815,6.3298804e-11,5.4059707e-10,4.8727358e-08,2.738184e-08,1.1233969e-08,1.1279343e-07,4.7688893e-09,6.9666675e-11,1.171515e-08,2.7493137e-09,1.1980022e-07,
289,3.2192502e-11,2.2464735e-07,5.343729e-05,0.99910295,0.0008417948,1.1293866e-11,1.4389631e-08,1.0864444e-06,8.9784485e-11,1.297381e-07,1.6773745e-08,2.2773219e-09,3.1903625e-07,
290,0.97126627,0.024682332,0.00016908339,2.7222732e-05,1.4738259e-05,0.0024604364,1.4357251e-05,0.0012835137,1.444165e-05,2.849557e-05,1.6709302e-05,9.742142e-07,2.141541e-05,
291,0.9999974,2.069252e-06,6.8932576e-10,1.0026604e-10,1.057487e-09,1.0629378e-07,5.0595655e-10,1.1108473e-07,3.2199273e-07,2.515392e-09,4.662878e-10,7.360659e-09,2.2859794e-08,
292,0.6446512,0.34616736,0.00012486786,0.00088464684,5.225151e-05,0.005255496,0.0021621978,0.0005319473,3.2661697e-05,3.522977e-05,2.7312362e-05,3.3423366e-05,4.1409905e-05,
293,4.1169262e-08,3.0137084e-08,2.7351325e-06,0.00012639728,0.9963838,1.7200472e-08,3.5982855e-06,1.3109243e-07,2.7784154e-07,0.0034829667,6.805887e-09,7.538246e-09,2.9574819e-08,
294,0.001491228,0.0036899291,0.2936971,0.014147899,0.02064846,0.00021558737,0.00024885926,0.0010051723,0.6612011,0.00017827998,5.7051628e-05,0.00033551623,0.0030839187,
295,0.9999888,5.1680836e-06,3.7780026e-11,7.580451e-10,2.130313e-09,4.8238494e-06,5.3940292e-09,4.19665e-07,8.838336e-07,1.5206987e-09,7.5220474e-10,6.3139622e-09,3.8775877e-08,
296,0.99933666,0.00065988366,9.507621e-09,2.0646127e-09,1.731715e-08,1.1913999e-06,1.9079582e-09,1.594873e-06,6.43629e-07,4.199112e-09,8.605967e-09,3.005457e-08,1.5786796e-08,
297,0.99611074,0.0038747902,1.1689896e-10,2.2237425e-09,5.5400096e-07,5.814987e-08,1.21498e-06,4.2159577e-06,4.8520565e-06,1.7255521e-08,3.0428847e-08,2.6101532e-07,3.367418e-06,
298,2.001393e-11,2.991169e-08,0.22070451,5.3445033e-06,0.00085743604,5.28669e-09,0.00019507989,0.6412851,0.0114204725,1.8482486e-07,9.2284125e-07,0.0024044614,0.12312638,
299,0.9999709,2.0564426e-05,7.1164346e-09,3.621564e-09,1.6383254e-08,4.292877e-06,4.8036828e-08,7.510685e-07,3.0528681e-06,1.0382315e-08,9.805397e-09,8.823621e-08,6.180687e-08,
300,8.292583e-11,1.4338253e-10,2.996894e-13,0.9999993,1.4318424e-08,2.9860678e-07,5.4695107e-08,7.6618534e-08,7.0758312e-12,1.5762853e-07,4.1806634e-09,1.5442393e-15,1.8469811e-09,
301,0.00075875333,1.2159913e-07,1.2123049e-06,1.3721103e-07,6.7854184e-05,0.00062082836,0.00021677585,9.426151e-06,0.28012475,2.4491654e-05,6.675997e-07,0.71817464,3.2192932e-07,
302,9.889586e-12,1.5721959e-13,9.126666e-11,0.99999964,3.466768e-08,3.7924795e-07,1.787003e-10,5.5797167e-09,2.5711946e-10,2.0092314e-10,1.2634481e-11,2.377426e-14,5.308382e-10,
303,0.2993547,0.5341559,0.11844868,0.012722014,0.015939355,1.3481678e-05,0.0054900274,0.00044346237,2.6500848e-05,2.1614598e-05,0.0001903915,0.00016926343,0.01302464,
304,0.00043217235,1.7763578e-07,2.8081363e-06,5.273738e-06,1.6206277e-06,0.99951935,2.2490264e-07,2.881785e-05,8.496553e-06,1.3593601e-08,7.870127e-07,1.2461058e-07,1.5831411e-07,
305,0.08057445,0.91942465,8.4475635e-09,2.2127804e-09,4.5376603e-07,3.598122e-07,5.9591123e-08,1.4230252e-08,2.7047314e-08,4.7550683e-09,5.2397546e-08,5.001389e-09,2.6288708e-08,
306,0.9987847,0.0011649207,1.3731508e-06,5.082325e-09,1.2558282e-06,3.4332418e-06,1.1966815e-05,3.1078505e-07,1.8877167e-06,2.779987e-08,6.6716034e-08,2.9456154e-05,4.921662e-07,
307,0.9999982,3.983991e-08,6.12695e-14,1.6514086e-12,4.4239234e-10,1.7265354e-06,1.5802172e-10,1.4316006e-08,2.6696778e-09,1.2746945e-11,2.1737724e-12,8.81486e-12,1.1044899e-09,
308,1.3883932e-09,5.0001795e-12,2.5302673e-09,1.0,9.0245915e-11,3.206922e-08,5.2125105e-12,1.0062927e-08,2.3791236e-10,7.407425e-12,2.415653e-11,5.822616e-14,3.0171643e-10,
309,0.90502334,0.09496722,4.2387917e-08,2.7224357e-07,2.6031006e-07,5.9000463e-06,8.606082e-08,5.278838e-07,1.7218075e-06,7.443911e-08,1.0643554e-07,1.2085994e-08,5.171062e-07,
310,0.00069827226,0.9993017,9.8853266e-11,5.026143e-10,8.982501e-10,1.2204955e-10,1.8088997e-09,1.4298825e-09,6.138091e-11,1.7588542e-11,4.447199e-08,5.084475e-11,3.794498e-09,
311,0.9999995,4.4575705e-07,1.4284185e-13,8.9977483e-13,1.8305184e-10,3.772936e-08,3.54152e-12,3.1396638e-10,3.740519e-12,4.4714818e-12,7.2275085e-13,3.4691458e-13,1.880196e-11,
312,4.4948333e-08,9.463494e-07,0.997968,0.00077423424,0.0012501759,2.2354367e-08,1.8575055e-07,4.0120494e-06,8.743458e-07,4.3456143e-07,7.569445e-07,5.5856555e-09,2.5119803e-07,
313,3.5457236e-13,2.1071634e-14,2.7931133e-11,4.391356e-13,3.876974e-11,4.811706e-09,1.231182e-07,0.9999999,4.4186135e-12,1.261786e-12,1.0253485e-10,7.956592e-12,5.888491e-09,
314,1.0896404e-05,0.99998903,6.363521e-09,6.4790117e-13,3.384501e-11,3.5903196e-14,1.0166085e-08,9.466804e-12,2.3729704e-10,1.8187351e-11,1.43937e-10,7.289188e-10,4.4396073e-09,
315,0.99999976,2.862802e-07,1.5977138e-16,6.0397815e-12,7.909983e-13,2.5543637e-11,7.1939967e-12,5.892293e-11,2.5223136e-11,4.902709e-12,3.889284e-14,4.845911e-13,5.020948e-11,
316,0.9543724,0.045627445,2.6562405e-11,1.3925221e-10,2.1701512e-09,9.0610985e-09,7.493854e-09,1.7260408e-07,5.9187717e-09,2.3067168e-11,5.62512e-10,6.11134e-12,2.9659974e-08,
317,0.9929276,0.0070684208,3.025195e-07,3.77436e-09,2.7545434e-08,2.5732604e-06,5.651331e-08,4.6938771e-07,3.867599e-08,1.375661e-09,4.845838e-09,3.153062e-08,5.2123636e-07,
318,1.4136704e-09,3.264974e-10,6.8085984e-07,0.00028298746,0.9476923,1.1879989e-08,7.3593196e-06,3.427613e-07,0.000121165904,0.051894028,8.511454e-09,2.4263682e-07,9.2451694e-07,
319,0.9999062,3.2311844e-05,1.8605185e-07,5.931285e-07,1.0530458e-06,2.5997882e-05,8.499542e-06,1.5469628e-05,1.3644883e-07,5.9029804e-07,3.5586286e-06,1.4500467e-06,3.938998e-06,
320,0.9999409,5.878763e-05,6.3115013e-10,5.5296427e-11,6.409214e-11,1.7751226e-08,1.2838488e-08,3.0637164e-08,1.8306861e-07,2.2566258e-09,2.4552307e-10,6.464169e-10,3.022501e-08,
321,0.99999607,6.8112877e-07,3.6674194e-07,1.3047126e-09,2.167705e-06,1.5628572e-08,2.0766417e-09,6.743667e-07,8.672718e-09,5.611873e-10,1.0781124e-09,1.0182201e-09,5.5279106e-08,
322,0.0015475627,0.0040205163,0.0024157148,2.696445e-07,0.3794023,0.5523652,0.00018616358,0.019514345,0.018903827,0.00037216954,0.00021984511,0.02104073,1.1295894e-05,
323,0.021269187,0.97873026,3.649115e-13,1.3224036e-09,1.2093687e-07,2.831753e-11,1.5566455e-09,4.995781e-07,2.2067253e-12,1.3302743e-12,5.358959e-09,1.1358935e-10,1.3375867e-08,
324,6.051317e-05,2.9849107e-07,5.1332374e-09,4.842206e-15,5.053866e-09,0.9996537,0.00019466739,6.977263e-05,2.5248953e-06,3.8518674e-06,1.9146225e-06,1.2729232e-05,1.1290585e-08,
325,2.2006978e-07,2.2047907e-08,0.033314683,0.8481927,0.026171034,6.157273e-06,3.8555365e-05,0.00040386897,0.090938844,0.00041530535,2.6668473e-05,7.468958e-05,0.00041725143,
326,1.3666158e-15,1.7654703e-17,9.473201e-17,7.934992e-16,5.208243e-09,7.13143e-05,0.99265856,0.007269853,1.549199e-11,5.1897198e-09,2.0458306e-07,3.533741e-08,1.0661944e-08,
327,0.99999714,2.5497295e-06,3.8861825e-10,7.670873e-12,3.107895e-09,1.588407e-07,9.654911e-11,1.2797531e-07,1.2270804e-09,2.3203097e-11,8.4399765e-11,2.1805942e-11,2.5203484e-08,
328,0.99999726,2.314976e-06,1.469531e-09,2.0994316e-10,7.2234134e-09,4.7134412e-07,1.2342621e-11,3.09904e-09,9.811287e-09,3.723498e-12,3.90638e-11,2.756831e-10,2.9739464e-09,
329,0.08116764,0.91848457,1.880282e-07,8.0963486e-07,0.00012833513,2.7562694e-06,0.00015787371,2.0555563e-05,4.224005e-06,2.5954745e-07,1.46617895e-05,1.0105628e-05,8.105222e-06,
330,1.2523756e-19,1.0697321e-25,2.0785703e-18,2.9077534e-19,6.645824e-13,1.932915e-11,1.1926396e-10,1.0,2.143488e-18,2.681235e-17,2.1803155e-13,2.4115632e-16,5.0489256e-14,
331,0.9999999,1.685072e-08,1.851501e-16,9.371897e-17,1.2609374e-11,1.2382564e-07,8.291206e-09,3.430345e-10,3.486519e-10,1.0891112e-10,9.147467e-13,9.538378e-11,3.8240244e-10,
332,0.9999902,9.784976e-06,7.8435357e-16,9.967259e-17,8.533121e-11,1.4506207e-12,2.4069152e-10,2.3536904e-13,1.4329311e-11,1.84994e-13,9.595568e-14,8.7909774e-13,2.3336996e-13,
333,0.078044616,0.9219071,2.3727648e-06,6.1451794e-07,3.835276e-08,1.8062177e-05,1.3365361e-06,2.3038863e-05,1.5036863e-07,6.388457e-09,4.2443485e-08,5.4685914e-09,2.604909e-06,
334,0.9999951,2.808155e-06,3.6551284e-09,2.4821105e-07,9.748906e-07,1.5089467e-08,3.0692795e-09,8.6494865e-08,1.9430911e-07,3.893947e-08,1.3606992e-09,3.516156e-07,1.3460362e-07,
335,0.0039424254,0.0037970436,0.158485,0.5589776,0.0006607246,0.00010002604,2.631933e-05,0.000582368,0.27187163,0.00013897402,1.6235434e-05,4.5739125e-05,0.0013558746,
336,8.645588e-11,7.4847084e-13,1.0487239e-05,2.1410548e-08,2.2367291e-07,3.3746912e-09,2.0907648e-05,7.511984e-09,9.0134e-07,0.99996734,6.1777157e-09,1.3364358e-08,1.3292343e-07,
337,0.99931216,0.0006874498,6.5729913e-12,3.907868e-11,5.963481e-08,1.9760043e-07,4.584723e-09,2.3958897e-08,3.8455713e-08,1.2358638e-10,1.5947066e-09,9.564348e-10,5.2144604e-09,
338,2.2173602e-16,1.3692798e-23,6.462368e-14,1.9682208e-18,2.6295494e-14,6.5557537e-10,1.10210024e-07,0.9999999,5.702456e-17,4.7378025e-13,1.8469169e-11,4.2253354e-12,1.9224056e-12,
339,4.6755484e-09,1.149381e-07,6.192587e-08,1.9003514e-07,5.7192074e-07,1.10392044e-07,4.405081e-06,3.3881029e-06,0.9661677,9.288233e-08,1.9139752e-06,0.016182316,0.017639231,
340,6.4226206e-06,2.0758134e-05,3.503492e-05,0.29833135,0.6883476,0.00013687988,6.768437e-07,0.0006436301,0.012400788,2.4364388e-06,1.1564312e-05,5.3560674e-05,9.295244e-06,
341,1.0,1.0169726e-08,6.991182e-13,1.6045176e-13,1.02039904e-10,6.647739e-09,1.3676929e-12,1.5221028e-09,1.1041655e-09,7.21813e-13,4.9950007e-13,2.8712575e-12,3.7493734e-11,
342,2.1769613e-09,1.915889e-12,3.7724394e-08,0.9999671,3.2022126e-05,1.8897506e-09,1.1489708e-10,8.3268054e-07,7.249292e-10,5.528765e-11,9.708116e-11,1.1608145e-11,2.5244273e-10,
343,9.236862e-06,1.0707229e-08,2.6020315e-08,0.021528507,0.9738043,1.0583944e-07,4.2538154e-06,5.255066e-06,2.080628e-05,0.0046227584,2.363449e-08,3.9083627e-08,4.677292e-06,
344,3.0258982e-09,1.0225813e-05,0.99742126,0.0009739457,0.0014292946,2.8520194e-06,6.2146496e-06,7.060752e-05,2.1245722e-05,4.5804623e-05,2.7978783e-06,1.2056355e-05,3.64115e-06,
345,4.8487383e-08,9.3852194e-08,1.9861693e-05,6.590066e-08,0.0014502164,2.9728296e-06,3.0464673e-06,8.0365317e-07,0.00021212007,0.00020739115,6.413628e-07,0.9979961,0.00010661704,
346,0.9999993,2.0327124e-07,9.7235504e-11,9.815335e-12,2.1232534e-12,4.6324385e-07,1.7488626e-10,3.9256978e-10,2.4840638e-08,4.1543663e-10,5.1089223e-11,1.83455e-08,3.1957927e-09,
347,5.355688e-05,7.3350316e-07,0.9875328,2.0546637e-05,0.011848483,1.1930341e-07,8.8650985e-08,0.00052102085,2.3708978e-06,1.4680211e-05,2.4259627e-06,2.716221e-08,3.0798844e-06,
348,6.7514316e-13,6.041501e-11,0.9911112,1.6055739e-07,0.008880299,4.113209e-11,1.3334388e-08,8.214089e-06,1.6974072e-08,5.5804012e-08,8.834296e-09,1.4681249e-10,3.074792e-08,
349,0.9995623,0.0004358994,7.374889e-10,1.4678152e-07,1.0897498e-07,3.2908727e-07,1.4315e-07,6.878898e-07,2.245894e-08,4.161164e-09,4.9019572e-08,7.3736025e-08,8.047245e-08,
350,0.0006458726,0.99935406,2.2356142e-08,4.50899e-08,2.1507114e-08,2.1400744e-10,1.7039794e-09,8.809314e-09,5.669189e-09,3.8103826e-10,5.0799165e-10,3.6636808e-11,5.2419153e-08,
351,0.99983144,0.0001685431,1.697414e-14,4.249146e-14,5.888524e-12,1.1860926e-09,2.60441e-11,8.0957754e-11,1.359804e-10,1.384957e-12,3.2278862e-13,5.3430584e-14,1.0570946e-11,
352,1.0136291e-07,7.3455997e-10,4.1736524e-07,0.00014015877,0.99942255,2.5839368e-08,1.0266029e-07,3.8943018e-08,8.713991e-09,0.00043667218,9.984235e-10,6.058378e-10,1.3867376e-08,
353,2.2870612e-11,2.4386478e-12,1.4425725e-10,2.5868667e-16,4.5051102e-10,0.999997,2.322567e-06,4.0621504e-07,5.011515e-09,1.9066015e-10,2.0078807e-07,1.4050371e-08,1.2639292e-11,
354,0.019763391,2.8969405e-06,1.2254334e-05,2.7180374e-07,6.92899e-06,0.97881615,5.1337454e-05,0.00020524547,6.482419e-05,1.6337233e-07,0.0002282619,0.000848167,1.5893457e-07,
355,0.98776054,0.01222774,1.5439968e-08,1.2844621e-08,4.3833793e-08,1.0552924e-05,2.1239973e-07,3.4384172e-07,1.7244196e-07,4.811958e-09,1.7462163e-07,3.7266737e-08,1.8678934e-07,
356,0.04322489,0.8873647,0.00041743426,7.8722536e-05,0.0012731043,0.05095439,0.00021975307,0.00484084,0.010257865,6.0339895e-05,0.00066194014,0.00037152873,0.00027452243,
357,1.5484298e-07,9.3380135e-05,0.99529946,0.0045381645,6.3478175e-05,4.2433994e-09,3.1680614e-07,2.73896e-06,2.1720142e-08,2.7460029e-08,1.6113926e-06,1.7439358e-07,3.095789e-07,
358,1.7818298e-22,2.230315e-23,1.09421925e-17,5.4439564e-18,4.3382003e-17,6.050335e-15,4.9175335e-09,1.0,4.8617428e-17,9.124431e-17,2.1365178e-13,1.4061456e-12,1.747609e-11,
359,1.3403586e-09,3.0709124e-15,2.8875736e-12,4.412492e-15,1.5868333e-11,0.99999976,1.126459e-08,2.2410315e-07,4.78135e-09,6.918924e-09,8.949178e-09,7.557468e-09,1.214942e-11,
360,2.6854097e-09,1.2039288e-14,1.672347e-11,2.1038565e-14,3.4553008e-07,5.4516786e-08,4.1130733e-07,3.8708163e-07,0.99980265,0.00017837912,6.020067e-11,1.7136148e-05,6.9379763e-07,
361,2.3463237e-08,1.0,6.5861867e-13,4.1555678e-13,8.4804624e-13,3.683712e-11,1.0666617e-10,4.896435e-10,3.0276786e-14,1.522096e-14,1.993657e-10,1.184719e-12,1.8240182e-11,
362,0.9999974,2.4498615e-06,1.1984383e-09,4.5191892e-11,1.247332e-09,6.489521e-08,4.1645074e-09,1.5038337e-07,1.3716799e-10,3.168731e-11,1.225152e-08,1.0924697e-08,4.805253e-10,
363,1.0,1.2219538e-11,5.276018e-19,6.114723e-15,2.1368108e-17,5.108928e-14,1.5092682e-15,2.2538754e-14,3.3546364e-13,4.3442182e-14,7.732203e-17,9.036048e-14,5.916882e-14,
364,3.0002294e-09,6.687481e-08,1.3625124e-06,1.9283501e-05,0.9998851,4.7695425e-10,1.1790876e-06,5.8877487e-07,1.3092473e-06,9.0989786e-05,5.550864e-09,2.9157436e-08,7.725454e-08,
365,4.0041217e-12,2.617801e-12,7.757804e-12,0.9999975,2.4411881e-06,8.8051677e-10,3.132603e-11,7.625043e-08,1.5810132e-12,1.4613095e-11,1.5450566e-10,6.920705e-16,1.0445083e-11,
366,6.4512274e-06,1.1332232e-06,0.0063322354,0.001625809,0.991995,2.6585326e-07,1.3215213e-05,1.4077848e-06,1.7731141e-05,4.1479425e-06,8.922889e-08,5.091987e-07,2.146206e-06,
367,4.942212e-10,1.7458479e-09,1.9703255e-09,1.7229153e-05,0.99989855,3.633662e-11,6.0578867e-07,1.3341783e-09,1.0344163e-05,7.3191186e-05,8.3145574e-10,6.051855e-08,2.3888472e-08,
368,0.33262113,0.00022120374,0.00012410435,0.0038478894,0.0006302016,0.6489349,0.0069659133,0.0045277104,0.0012452202,0.0001962359,0.00041818246,1.7757411e-05,0.00024958054,
369,0.99675363,0.0032459004,6.8239847e-10,9.89825e-09,1.5798063e-08,3.6073345e-07,4.800527e-08,6.119064e-08,2.906889e-08,7.2118e-10,9.397e-09,2.3769717e-09,1.0645575e-08,
370,0.008303304,0.9916539,3.6372344e-07,6.314435e-07,2.8969469e-06,3.6896287e-07,1.0152985e-05,2.581132e-05,1.7763652e-08,7.367268e-08,1.4778318e-06,2.5839617e-07,5.947469e-07,
371,7.6076562e-06,0.999992,1.0072995e-10,1.1379989e-09,9.078237e-09,1.1005287e-07,2.5653971e-08,9.5496944e-08,2.2599114e-09,4.3064166e-10,5.3557592e-08,4.8325667e-08,6.583912e-09,
372,0.99713314,0.0028669024,4.86557e-14,3.9014855e-13,2.0839104e-09,1.055816e-10,1.8261644e-12,2.2226551e-10,7.4885986e-11,3.3088178e-13,6.0398383e-12,6.5879338e-12,4.1323486e-11,
373,1.1655246e-06,1.036765e-07,0.0013092922,0.00013106895,0.5633256,6.94143e-05,0.0034488034,0.00017847575,4.9210234e-05,0.43126267,3.9874035e-06,9.992676e-05,0.00012033793,
374,0.364887,0.6351125,1.0906422e-08,3.3453775e-09,7.194155e-08,1.636258e-08,1.4017028e-08,2.178075e-07,3.2718127e-08,1.3950157e-09,3.615148e-08,1.52459e-08,8.350111e-08,
375,3.2688243e-09,5.76399e-13,1.5505385e-08,4.3503073e-13,8.653354e-09,7.633218e-10,1.0657254e-08,5.103329e-10,0.99954623,7.984279e-08,1.3839225e-09,0.0004534963,1.300349e-07,
376,4.2390442e-05,1.37037945e-08,0.00012160439,0.22142659,0.05217195,0.00022601316,8.694342e-06,0.6509443,0.06502044,0.0019807075,1.1232906e-05,7.7685094e-05,0.007968386,
377,0.9985885,0.00030765377,1.1196555e-07,4.0162382e-07,5.8916635e-06,0.00074785645,1.3839568e-05,0.00030641136,3.0533906e-06,7.8070127e-07,1.8721363e-05,1.0545867e-06,5.69115e-06,
378,4.2032788e-08,6.8300596e-07,1.878786e-05,5.9947956e-07,0.999933,9.109447e-08,1.11168504e-07,4.3186365e-08,1.186608e-05,3.457904e-05,4.420171e-09,2.9453744e-08,1.0687239e-07,
379,0.9998858,0.00011092177,5.3441827e-11,3.4669655e-13,6.5504975e-07,1.2561736e-06,1.7475598e-07,6.635203e-08,1.2252327e-06,7.589139e-08,6.661966e-10,8.19141e-09,3.0453808e-09,
380,1.2057057e-05,6.7585406e-06,0.10037291,0.34261975,0.5237877,6.149438e-08,1.7916644e-05,0.00060035026,0.030994423,0.0007808869,7.666848e-06,2.3225396e-06,0.0007972216,
381,0.7197691,0.2793155,8.632493e-07,5.3886232e-08,0.0008652369,7.029215e-08,2.171224e-05,6.802824e-07,5.9725235e-06,5.2668014e-07,3.2442097e-07,1.2772699e-05,7.0924452e-06,
382,4.6444397e-06,3.3540763e-07,0.0141064925,0.98567516,0.00011054629,1.8512841e-08,2.294373e-09,0.000102504644,1.5238214e-08,2.2995819e-09,2.0777893e-08,8.531986e-08,1.9286978e-07,
383,2.434354e-06,8.9306945e-07,1.2062321e-06,0.9993839,0.0005431675,4.9216334e-05,2.1436252e-08,4.504174e-06,2.2569043e-06,1.1679396e-05,1.4916784e-08,5.7122875e-09,6.13343e-07,
384,3.712688e-07,1.00921514e-10,7.6370435e-07,2.3768084e-06,0.99956125,1.399817e-06,1.7856231e-05,1.7147131e-07,3.9595045e-05,0.0003748235,1.2051e-09,1.0417929e-07,1.2791313e-06,
385,1.1821801e-05,4.416675e-08,0.0005660228,0.9906632,0.0004645545,0.0026453105,1.0423047e-05,0.0013206806,0.0038131757,0.0004665876,1.3984364e-05,1.0114852e-06,2.3168775e-05,
386,0.00034497931,0.00013991109,0.9436132,0.05387887,0.0010778748,8.156304e-07,1.7138407e-06,3.9622915e-05,0.0008655675,1.1144164e-05,1.8151171e-06,1.6223779e-06,2.2953296e-05,
387,1.2367668e-13,3.5432823e-21,4.4759354e-13,1.6892136e-19,9.136796e-13,1.7232106e-08,2.0413644e-09,1.0017118e-12,0.9999999,3.668603e-10,2.492244e-14,8.1431196e-08,5.2060245e-11,
388,0.0016328142,0.05996271,0.042569533,0.012185221,0.8821247,0.0005502658,0.00017869695,0.00024909282,0.00016319197,7.516033e-05,0.00016195352,0.000119186305,2.758086e-05,
389,6.452287e-10,9.2582955e-11,0.00045649795,0.9995372,1.090245e-06,5.1709687e-10,2.244969e-11,6.794788e-07,4.3165487e-06,6.125847e-09,1.1875496e-09,1.7945064e-09,6.79113e-08,
390,0.9942967,0.005684566,5.5881123e-06,3.2110594e-09,2.9437456e-06,2.1496514e-10,2.0473453e-07,9.497371e-06,1.9102957e-10,5.0014176e-10,4.8257736e-08,1.14401736e-07,4.0723776e-07,
391,0.85208344,0.14791635,7.939017e-09,1.2255788e-10,1.653325e-07,1.0572578e-08,2.6141167e-10,5.792246e-09,5.429521e-10,7.6425345e-11,1.4555781e-09,2.600628e-11,7.1512822e-09,
392,0.9998803,7.004108e-05,4.9742495e-09,6.440403e-08,2.3058325e-08,6.131203e-08,6.5601705e-07,2.4381707e-06,4.4528973e-05,2.998838e-08,1.38927145e-08,4.2606334e-07,1.2654276e-06,
393,0.26004502,0.7399548,4.9340473e-11,2.1914328e-08,1.6637258e-09,1.2714393e-10,1.8868752e-08,3.6408647e-08,4.3000015e-10,4.7667512e-11,1.0037029e-09,1.139418e-09,5.3243312e-08,
394,2.0312894e-08,1.7283315e-06,0.013353259,0.98405474,0.002167853,2.4530975e-06,8.328799e-07,0.00016660911,0.00021262535,3.5023026e-05,6.062012e-07,3.045376e-07,4.0110367e-06,
395,0.99996555,3.442755e-05,4.6604415e-11,3.3474622e-11,8.719757e-09,4.3135742e-08,1.8104114e-10,5.960617e-10,1.2824536e-08,1.0466925e-11,5.6101396e-10,1.8213535e-09,1.8785498e-09,
396,3.516798e-08,2.0587665e-07,1.297402e-05,0.0010976054,0.9856631,3.0106955e-07,3.3938373e-05,4.8717716e-06,0.0002573931,0.012915685,1.7704258e-08,3.117602e-07,1.361499e-05,
397,1.1533218e-22,1.9855467e-28,3.519579e-16,2.4345883e-22,4.065195e-14,1.9461692e-10,7.5661256e-07,0.9999993,1.8576335e-16,7.3390973e-13,8.769169e-13,6.664546e-12,1.2386498e-13,
398,7.181529e-14,1.17154e-12,5.8219087e-13,1.0,3.1493013e-11,2.1307585e-10,3.8694885e-12,1.4144327e-09,3.6944777e-11,5.220045e-11,2.504175e-11,2.2786913e-14,1.1756426e-09,
399,1.6149691e-08,1.46908e-09,8.0193024e-07,0.99999547,2.174497e-06,7.889187e-09,1.6179016e-11,2.2358729e-07,1.3061156e-06,3.4715748e-09,6.3746625e-10,6.434789e-10,2.449978e-08,
400,6.194817e-07,5.78387e-09,7.3098555e-08,0.9988794,0.0005858619,1.3711347e-06,5.3635315e-08,0.0004420745,2.6556032e-05,2.4365303e-05,4.452747e-07,3.5220924e-06,3.5545963e-05,
401,1.0,2.0656876e-09,2.5870324e-16,1.0158004e-18,8.734788e-13,1.3000625e-09,8.395134e-13,1.4696885e-10,5.7888954e-11,1.8731112e-13,8.1719414e-14,3.3032764e-13,1.694584e-11,
402,0.0066630165,0.9933302,4.593744e-07,1.3683842e-06,3.4690584e-07,6.3815787e-07,5.11887e-07,1.7214447e-08,1.2346687e-06,3.6498076e-08,3.3079075e-07,2.4168058e-08,1.943522e-06,
403,0.00090016064,1.1464538e-05,1.2007315e-06,6.3251897e-09,5.9127863e-09,0.9988174,4.411576e-06,3.0591275e-06,0.00026088837,3.9670078e-07,2.7592156e-07,5.959252e-07,3.6458063e-09,
404,7.534423e-09,9.301411e-09,0.25988832,0.56357735,0.17648496,1.569027e-08,3.7482723e-06,1.7089845e-06,2.8635573e-05,8.493049e-06,1.5106878e-07,5.4340326e-06,1.1988999e-06,
405,0.9999902,9.495761e-06,8.461194e-11,3.439904e-10,1.3179377e-10,9.591352e-08,1.5041255e-09,1.2717575e-08,1.1243066e-07,2.2904857e-11,8.221983e-11,3.7097658e-10,6.081301e-09,
406,0.08548576,0.9142016,4.929241e-07,5.2315177e-06,3.7753707e-05,7.363266e-05,3.8985254e-05,9.470973e-05,1.647041e-05,2.2409155e-05,1.0486696e-05,3.3755673e-06,9.097533e-06,
407,0.9610612,0.03893805,5.411232e-10,8.949218e-11,4.4865246e-07,2.8503348e-07,3.522261e-08,4.519964e-08,3.1277347e-09,4.271852e-10,4.4399164e-09,1.0672214e-09,3.5289969e-09,
408,7.861278e-09,1.294544e-08,2.2956192e-07,0.9763667,0.023595951,2.7314089e-05,7.077779e-07,3.0272454e-07,7.024076e-08,8.480681e-06,1.5769483e-07,3.1082465e-12,5.4901395e-09,
409,0.99972135,4.418526e-06,1.1805672e-10,5.1165633e-10,2.1553786e-05,3.7142785e-05,9.1596985e-07,1.0700962e-06,0.00019608698,7.232759e-07,1.3857295e-08,1.6249493e-05,4.1811083e-07,
410,7.2672566e-09,6.5290346e-15,1.0243641e-13,2.4065663e-11,7.1495956e-09,0.99977905,4.632353e-06,0.00021626758,3.914499e-11,7.094113e-11,5.6559387e-08,7.901679e-09,1.5282279e-11,
411,1.6551246e-08,1.9846243e-11,4.288941e-08,0.00034580016,0.99912184,4.3698307e-08,3.4083484e-07,2.8616865e-08,6.901704e-09,0.0005319101,4.7145743e-10,8.6226765e-10,9.139925e-09,
412,2.2745286e-10,1.4096677e-11,4.3369314e-12,5.6954636e-12,2.1403013e-08,7.2807766e-06,0.9999758,1.6457945e-05,4.893684e-10,1.11477114e-07,3.1477003e-07,4.9873483e-10,5.6528533e-09,
413,0.010453338,0.9895342,6.479624e-10,2.2383344e-07,3.2615766e-08,1.0098176e-07,2.0429413e-06,9.54592e-06,3.6457533e-09,7.345524e-11,9.6958104e-08,1.9235467e-08,4.1009e-07,
414,7.1410057e-07,4.779116e-09,3.2204735e-08,0.00018022236,0.98345447,2.0107527e-07,3.9966482e-05,2.5431633e-05,0.0002514013,0.01604664,4.3066347e-08,1.920755e-07,6.5524176e-07,
415,0.96639585,0.033440724,6.0685798e-05,1.49913085e-05,1.1365828e-05,2.7095188e-05,7.806287e-06,1.1858111e-06,2.943265e-05,1.2361873e-08,5.833339e-06,6.63287e-07,4.344538e-06,
416,0.9999877,6.7702917e-06,2.7070264e-11,1.5302705e-08,3.6569632e-09,2.771903e-06,2.3463441e-08,2.7246042e-06,5.1662145e-08,2.5651843e-09,6.8172286e-09,8.353196e-10,3.77046e-08,
417,8.84304e-05,0.00053501525,0.000131149,0.9973781,0.0003739854,0.0014149768,1.7542356e-05,4.299675e-05,6.2961604e-08,4.2941897e-06,1.2490068e-05,9.995351e-10,9.775657e-07,
418,0.9998617,0.00013276239,3.660229e-07,6.5911703e-09,6.31397e-08,6.075286e-07,2.032583e-08,1.3155988e-06,2.264824e-06,7.868852e-09,1.4000581e-09,1.0076156e-07,7.4113245e-07,
419,0.999992,4.836316e-06,7.7460676e-08,8.2102175e-10,6.242276e-10,3.4748325e-07,1.415177e-09,2.5565803e-06,1.3738051e-08,4.4437506e-11,4.249183e-09,7.144565e-08,1.9979066e-08,
420,0.99949193,8.5471176e-05,6.584861e-06,1.3904163e-06,4.396634e-05,0.00024446705,5.6469133e-07,4.3321998e-05,5.8913527e-05,3.3849878e-07,3.3349977e-07,1.6747414e-07,2.2494905e-05,
421,0.3253656,0.6745726,1.2796205e-06,8.8834236e-07,7.69613e-08,1.2052565e-05,5.4418626e-07,4.522659e-05,4.5956727e-07,5.0800666e-09,1.9861392e-07,3.316077e-08,1.0147462e-06,
422,9.281458e-08,5.5701344e-07,0.0004255859,0.99956447,2.537906e-06,5.9480694e-08,1.4753088e-08,1.5338167e-06,5.4008086e-07,1.5769557e-09,9.067699e-08,7.35095e-09,4.513184e-06,
423,7.995191e-09,1.0404162e-10,4.1261802e-10,0.9999969,4.1862873e-09,5.294406e-07,1.8805289e-10,2.2905178e-06,1.0068046e-07,1.3484681e-09,7.3291867e-10,1.1535945e-10,1.9116074e-07,
424,2.5504195e-07,1.725957e-07,1.840009e-05,4.106968e-05,0.9944036,2.33492e-08,8.842952e-06,1.0828595e-06,4.333159e-05,0.00548291,6.229815e-08,1.0289621e-07,8.278469e-08,
425,0.9999207,6.623142e-05,3.3270265e-07,8.8847235e-10,5.015986e-07,1.8028177e-07,2.9962834e-08,7.745637e-07,1.0793233e-05,4.346324e-08,2.433704e-08,1.7032264e-07,2.7397198e-07,
426,0.99972457,0.00027539645,6.0938286e-12,7.5079274e-12,5.7217616e-12,1.8520704e-10,5.058694e-11,2.1551067e-08,2.487445e-11,4.8970352e-11,4.986166e-12,1.0942536e-10,3.1933185e-09,
427,0.0001275742,0.00013210245,0.07606809,0.030144604,0.85945964,1.93403e-09,9.454037e-05,0.029233344,0.0013898504,2.0065643e-06,1.444338e-05,0.001210384,0.0021233854,
428,1.0,1.4636396e-11,5.4206754e-14,3.0245027e-15,1.8268186e-10,1.5607394e-08,2.4253757e-11,8.641906e-09,4.371793e-09,1.9603957e-13,7.3784024e-13,4.723227e-11,8.566908e-12,
429,0.9999963,3.6386737e-06,2.0077649e-14,9.473639e-10,4.0989823e-10,1.4007006e-09,1.3947795e-09,1.0503752e-10,4.3247828e-10,1.808417e-10,7.541624e-11,2.0440783e-11,4.7885387e-11,
430,1.401791e-08,1.2330709e-13,1.1059175e-11,2.885097e-15,5.3889593e-08,0.99999964,9.589891e-11,4.8452574e-08,3.5200046e-08,1.3143679e-10,8.7274704e-10,1.494675e-07,3.5964526e-13,
431,0.99983823,0.00016145967,5.3288673e-10,4.911421e-10,1.0488604e-09,1.2555065e-08,3.2894147e-09,2.1621613e-09,2.398598e-07,2.5570462e-11,8.372518e-11,4.2946677e-09,6.023584e-09,
432,1.2437764e-07,1.022602e-09,7.582893e-08,0.99992645,5.8514055e-05,2.0130987e-08,6.276192e-09,1.4764535e-05,3.3782324e-08,4.2665974e-10,5.337053e-08,2.699721e-10,1.0419167e-08,
433,0.9999238,7.321789e-05,2.66148e-07,2.3246958e-09,2.2070767e-06,6.112099e-08,9.495533e-09,2.6759307e-07,1.1732112e-07,2.8469784e-09,6.1091234e-09,1.0793105e-08,8.180198e-09,
434,2.7565441e-08,5.052992e-12,2.3107416e-09,1.7950936e-15,2.0648612e-10,0.99992085,4.699973e-06,7.388946e-05,6.07752e-08,3.0129965e-07,1.5695745e-08,7.907719e-08,2.8171767e-11,
435,1.0,2.507205e-11,8.3904296e-20,5.456761e-19,6.1713025e-19,1.0955675e-11,1.8217119e-16,1.4771963e-12,3.4941117e-12,2.3079352e-15,3.0793428e-18,2.1528249e-15,2.4924583e-14,
436,0.7623873,0.23760979,1.7661657e-06,3.4522753e-11,6.328524e-07,1.1172085e-07,1.8215878e-09,4.305976e-07,1.8306296e-09,1.2354752e-10,1.9835775e-09,1.6968219e-09,6.4255907e-09,
437,0.00039299225,0.999607,1.7920226e-12,5.4917915e-15,1.02174024e-11,1.3106191e-12,2.7566777e-08,1.9664727e-10,9.341452e-13,1.1784733e-13,4.4019264e-11,2.3675157e-11,3.1891376e-10,
438,0.7678485,0.114398226,0.066044964,4.143576e-08,3.9915534e-07,0.046126872,2.6245942e-05,0.00070206774,0.004786029,2.3102399e-05,7.851018e-06,9.150173e-06,2.6549318e-05,
439,0.9965743,0.003422129,7.3975556e-08,1.8239596e-10,2.1568507e-09,2.1302613e-07,5.733225e-08,2.9766425e-06,7.503266e-08,4.9997664e-09,1.4539836e-08,2.076302e-08,1.4274958e-07,
440,1.0,1.870405e-13,2.3227115e-15,3.5846347e-16,3.5566647e-12,1.0078232e-09,2.3141957e-14,2.055217e-10,9.0893796e-13,1.5205312e-15,4.007472e-15,2.1458524e-14,2.4240863e-14,
441,1.1071294e-07,1.7841509e-16,1.9517092e-10,1.6143012e-16,4.9473786e-11,0.9999789,6.975659e-11,2.0975272e-05,3.32698e-10,4.3559292e-12,7.166085e-09,6.042753e-09,2.570008e-14,
442,0.99742186,0.0025779326,2.7836074e-11,1.591514e-09,1.5627019e-07,1.462521e-07,9.65547e-10,1.9356823e-09,2.2179599e-08,1.0095413e-11,2.2680762e-09,2.6556013e-10,2.2156037e-09,
443,0.00017963388,0.00011054217,0.32029495,0.50434035,0.17238292,1.3826557e-05,8.219542e-06,0.002047794,0.00033257363,0.00012118183,2.9863111e-05,2.0792852e-05,0.000117344855,
444,0.9874143,0.012464267,9.131748e-07,2.1268276e-07,0.00011623082,9.961602e-07,1.4216077e-08,1.936908e-06,4.867238e-07,5.4841216e-09,1.4959713e-08,3.112471e-08,5.960258e-07,
445,0.9994411,3.9170894e-07,3.528919e-08,3.7434096e-09,2.2959249e-07,0.0005273054,1.7436935e-07,2.9229876e-05,5.694295e-07,2.1743237e-08,2.0702519e-08,1.2939573e-08,7.8325536e-07,
446,1.1850545e-09,2.1291432e-07,0.0011515141,0.0001273828,0.9987184,1.2177545e-09,1.8918489e-07,1.8737256e-06,5.0156745e-10,3.3510312e-07,4.1015564e-08,7.259436e-09,1.19031014e-07,
447,0.0013077351,0.10743054,5.96198e-06,0.12121495,0.008418042,0.72552943,0.00085490453,0.012064661,9.2497835e-08,3.1206146e-05,0.023138316,3.5949768e-06,6.015813e-07,
448,0.99581534,0.0037357642,4.2630572e-07,4.3150163e-09,1.4944866e-06,0.0004167719,7.1631473e-07,2.3567392e-05,4.7142967e-06,4.8351336e-09,1.8455123e-07,3.6114633e-07,5.353859e-07,
449,3.813142e-09,9.673182e-10,4.340142e-07,0.9999894,7.999016e-10,2.720406e-07,9.718777e-12,9.911778e-06,4.010302e-09,7.781422e-12,2.3643018e-10,6.248099e-13,2.772678e-09,
450,0.99999976,1.8468643e-07,1.9896479e-11,4.5308557e-13,7.29722e-11,4.8735366e-08,1.3897011e-10,5.9352438e-08,2.2489082e-09,3.5503605e-12,5.592665e-12,5.6750757e-11,9.155383e-11,
451,0.12083175,0.87774324,4.2334e-05,1.3805987e-05,0.0006988699,0.00029867011,8.289784e-06,1.9597654e-05,0.00031443566,1.6422892e-06,5.5891246e-06,4.6560936e-06,1.7064629e-05,
452,0.00012199394,3.9120982e-06,1.7773007e-07,1.165019e-10,8.489032e-06,0.0001612593,0.000120391815,1.7854798e-06,3.260438e-05,1.6366985e-05,2.9343885e-06,0.99952734,2.7318504e-06,
453,1.4672696e-07,1.9282988e-08,4.645844e-07,2.4471283e-05,0.9996865,1.250548e-07,1.5066237e-06,1.422954e-07,1.869014e-06,0.00028459437,6.284703e-08,5.8801373e-09,8.2369496e-08,
454,0.0007651876,0.0009826417,0.43441632,0.070954,0.49268183,1.4507751e-09,9.995878e-07,0.00018436651,2.6413334e-09,1.8905946e-07,8.16035e-07,5.1841926e-08,1.3615496e-05,
455,1.0,2.3771259e-08,3.5967917e-12,1.7942117e-12,3.6702932e-12,3.882156e-10,3.3048494e-11,1.6958113e-09,2.3792315e-11,3.0026823e-12,8.003301e-13,1.4725883e-12,2.962003e-10,
456,0.0046562348,0.9951563,1.3011002e-07,0.00013637125,3.1986452e-05,9.3276446e-07,3.6464535e-08,1.6374752e-05,1.5248622e-08,4.6012367e-09,1.0890499e-06,8.3668894e-10,4.823311e-07,
457,2.2556777e-07,0.00010634313,5.158029e-08,0.0006369559,0.12873773,0.014339568,9.9210934e-05,0.003073898,1.2193524e-09,1.0771986e-08,0.8530044,1.4724669e-06,1.3461426e-08,
458,0.000663334,0.99933606,3.9359105e-10,5.814403e-10,8.196327e-09,1.6680085e-08,1.883818e-07,1.225417e-07,2.5423068e-09,4.78729e-09,1.2012089e-07,1.4972679e-08,1.3383877e-07,
459,0.99946636,0.0005305132,1.6437775e-10,3.235688e-09,1.9263697e-07,2.009139e-06,7.445177e-08,1.01265705e-07,4.362906e-07,8.528866e-10,1.0068882e-08,2.2008868e-08,7.0090806e-08,
460,0.97456884,0.025431087,5.224403e-10,4.2331007e-11,4.3342524e-08,1.0391373e-09,7.963872e-08,1.8017783e-08,1.2161684e-09,3.307602e-10,3.3259417e-10,9.650788e-10,1.438186e-08,
461,0.5517949,0.00087626686,0.23457052,0.051226217,0.12845457,0.001460956,8.275044e-05,0.026069071,0.0008550336,4.875469e-05,0.001168665,0.00036116823,0.0030311462,
462,3.009456e-08,1.26285835e-08,2.1275382e-07,1.2683647e-06,0.99982125,1.4076251e-08,8.2024656e-07,3.135768e-08,2.0066281e-07,0.00017605926,1.7818266e-08,2.7175101e-08,2.1795694e-08,
463,0.27588385,0.7240862,3.0812937e-06,2.6787802e-08,6.3596312e-06,1.785278e-06,6.165297e-07,3.8265084e-06,1.0210019e-05,9.502314e-09,7.0533524e-08,6.394469e-07,3.1829968e-06,
464,0.04808302,0.9518818,7.6596244e-08,2.4781032e-08,1.761933e-05,4.280617e-07,2.3550492e-06,5.138617e-07,3.5277847e-07,2.0551156e-06,7.975231e-06,8.4961414e-08,3.740633e-06,
465,1.2123307e-06,4.925378e-08,0.0019521482,1.2761024e-06,1.3507596e-05,1.2827772e-07,1.7962091e-05,1.1532836e-06,8.4002124e-07,0.9980021,6.995536e-06,1.7804489e-07,2.4738858e-06,
466,1.6402267e-06,9.342614e-12,1.3886001e-08,9.795247e-13,3.2500158e-10,0.9986578,1.5734518e-07,0.0008214879,1.7161335e-06,2.099653e-06,2.5669613e-06,0.0005124602,1.6182197e-08,
467,1.5867071e-17,2.3548157e-18,5.074868e-17,8.630848e-13,8.484683e-09,1.4373751e-07,0.997097,0.002902296,4.7099304e-14,8.942393e-11,4.3682113e-07,1.1324153e-08,1.1985736e-07,
468,0.110995576,0.88130444,1.5575928e-05,1.763219e-05,0.003766498,8.076427e-07,0.002948618,1.4784674e-05,3.5226365e-06,6.468812e-05,4.758331e-05,0.00022344374,0.00059686543,
469,0.9999932,6.7555143e-06,3.5457965e-12,2.1800325e-11,5.166388e-09,3.0587276e-11,8.610425e-12,8.666114e-12,1.4721432e-08,4.561074e-11,1.9277656e-11,7.89101e-08,4.4833692e-11,
470,0.9980609,0.0019366253,4.2010444e-09,4.163886e-09,4.0779066e-10,4.1748365e-07,2.999704e-07,1.2848602e-06,1.4081095e-07,1.3995236e-09,4.8303948e-09,6.239774e-09,2.0105668e-07,
471,8.8458774e-10,2.774369e-07,0.9998209,0.0001231601,3.9487786e-06,4.801769e-09,6.609871e-06,1.527166e-05,2.0815442e-05,2.1604345e-08,3.6224385e-08,9.2845346e-07,8.079267e-06,
472,1.3330492e-06,5.047238e-06,6.42269e-05,0.99329364,0.0037918007,5.4874134e-05,1.655445e-05,0.0021344037,1.026182e-05,1.2763139e-05,3.8657556e-05,1.1083093e-06,0.00057529926,
473,0.00022371259,7.056232e-05,0.0646768,0.007916621,0.92388886,1.0011913e-05,1.4956282e-05,8.433381e-05,0.0025200702,0.000508277,4.1898293e-06,2.4862027e-07,8.131959e-05,
474,0.99994266,9.68172e-06,2.0869646e-10,1.6140785e-10,1.03729015e-07,4.3548822e-05,8.556343e-08,2.1235192e-07,3.670605e-06,1.1617619e-09,7.2115486e-10,2.161492e-09,3.5041094e-08,
475,1.1613616e-06,7.1583946e-07,0.9409884,0.055654157,0.0031426058,1.046508e-07,9.89417e-07,5.5163887e-06,1.3971205e-06,0.00015167697,5.237726e-06,3.6635185e-05,1.130113e-05,
476,5.1567527e-05,6.6287237e-07,0.21108064,0.7888512,9.934233e-07,3.3841746e-07,1.974335e-09,1.1837298e-05,2.4157634e-06,4.005058e-10,1.0360795e-07,1.0729748e-09,2.601804e-07,
477,0.95330507,0.046562996,9.792803e-07,2.3728573e-07,0.00012213812,7.0880737e-06,2.9294153e-08,6.502218e-08,1.1791677e-06,1.2823079e-08,2.590343e-08,2.5499102e-07,4.4972843e-08,
478,1.060598e-10,2.4861493e-10,0.9999925,6.890044e-06,2.6542528e-09,6.854824e-13,1.2752108e-10,6.5628586e-07,1.4811281e-10,3.614441e-11,1.2740317e-10,1.2240394e-11,4.0420995e-09,
479,0.9994729,0.00015573662,2.696338e-08,2.0948818e-08,8.711988e-09,0.00034446298,2.3103346e-05,3.559557e-06,1.526154e-07,9.992478e-09,1.09468104e-07,1.3793596e-09,4.844285e-08,
480,9.849472e-16,1.3443494e-22,6.55447e-20,1.087699e-15,5.6316995e-14,8.138124e-11,3.3364063e-09,1.0,5.3598624e-18,8.734412e-15,3.5194415e-12,7.161882e-15,5.7891214e-13,
481,0.35637653,0.06630398,0.0071032066,8.876223e-05,0.0018643389,0.50366014,0.0003458126,0.062436845,0.000834145,0.00032261477,0.00030556324,1.1765922e-05,0.00034627295,
482,1.0,1.5736398e-09,4.4510318e-14,3.544985e-14,4.6933154e-14,3.6734507e-09,3.441146e-13,9.979847e-11,2.2436504e-10,1.6324771e-12,1.7855053e-13,6.048089e-10,2.0052305e-11,
483,2.4686192e-06,5.226712e-07,0.023380747,0.81311774,0.13013165,7.913558e-05,0.000103983264,0.0013154235,0.00044748266,0.031178089,8.441755e-06,0.00016166396,7.263731e-05,
484,7.955658e-13,6.177792e-10,0.9999974,2.5737036e-06,6.099393e-10,1.4997078e-16,1.8494722e-14,2.2208844e-09,2.6045923e-12,1.267939e-13,8.54138e-13,7.466271e-16,1.8246374e-10,
485,0.97226316,0.027669504,9.4366115e-08,2.1469385e-11,4.6242716e-05,1.1177756e-07,6.087969e-09,8.6986226e-08,1.8576964e-05,3.255035e-08,1.2876902e-08,1.9014974e-06,1.8771132e-07,
486,0.00012273752,1.765354e-07,0.00012818819,0.0011645134,0.8192614,0.00015675972,2.0903196e-06,7.1728873e-06,0.0005345177,0.17862183,7.781092e-08,4.2106973e-07,5.5104792e-08,
487,0.36228257,0.46103954,0.17241316,5.975938e-06,1.8298728e-06,5.5651133e-05,3.368546e-05,0.00019704898,0.0038706413,1.9921417e-06,1.3618921e-05,6.307675e-05,2.1267331e-05,
488,0.9999832,1.6347052e-05,3.8385486e-09,6.535886e-12,1.9354752e-08,3.4029622e-07,7.6378665e-10,4.6381043e-08,4.723461e-08,1.3296846e-10,1.9304307e-09,3.8453067e-08,1.4703121e-09,
489,0.00048212928,0.003157465,0.38354298,0.53426737,0.034134526,0.0062752417,0.00088113936,0.014164724,0.002099246,0.004451765,0.0045064236,0.011967032,7.001339e-05,
490,0.0001362696,0.0006113818,0.006748734,0.9570682,0.034163367,5.9398712e-06,2.3377166e-07,9.548218e-05,0.000999038,3.328821e-06,7.8944896e-07,4.3973937e-06,0.00016283801,
491,2.51959e-09,3.4914822e-07,0.9986161,2.4546443e-05,0.0011988279,3.5709307e-09,2.638406e-07,0.00015211634,5.0284314e-08,2.1540039e-07,1.9549702e-07,4.0058183e-07,6.8662384e-06,
492,7.4184885e-05,0.9999256,1.2077511e-09,4.293425e-11,3.7505735e-08,5.113625e-11,5.30102e-09,1.2082332e-08,2.406203e-11,1.922534e-12,1.3027756e-09,3.1851927e-10,1.03422025e-07,
493,0.05130111,0.94868654,5.2399553e-08,4.4654566e-06,2.3807307e-07,1.2996848e-07,3.3309123e-06,2.180041e-06,8.7549616e-08,2.2614608e-09,3.672993e-07,1.4575588e-07,1.3257973e-06,
494,0.996415,0.0034739566,3.4693868e-09,1.661568e-10,1.6261343e-05,3.105198e-08,5.4780587e-05,6.2224096e-08,1.8832965e-05,1.3552933e-08,9.004919e-08,1.8712013e-05,2.124716e-06,
495,9.6549855e-15,6.9079777e-16,4.3322134e-12,9.004718e-09,1.3994064e-06,2.5126755e-07,6.6917737e-06,0.99999166,4.8744077e-12,1.7162004e-11,8.499242e-09,3.7496473e-12,2.110024e-08,
496,0.03108489,0.96279514,0.0019243162,0.0011973325,7.29371e-06,0.00018719654,5.7817666e-05,0.0014803284,0.0009170309,7.919996e-06,9.0075955e-06,6.0952857e-06,0.00032564864,
497,0.99946195,0.00053775427,1.7946578e-10,5.239857e-10,4.134582e-10,5.3033475e-08,9.1732035e-09,5.8948984e-08,9.5158754e-08,7.364678e-09,1.7183245e-10,7.229506e-10,1.7135129e-07,
498,0.00037138158,2.009109e-05,7.366786e-08,5.731153e-07,0.00012188031,0.99772626,5.1389306e-05,0.00020049949,7.4697624e-08,0.00011636689,0.0012996215,9.1805334e-05,1.2899604e-07,
499,0.5996313,0.40035436,1.225562e-06,1.3839547e-08,3.0091876e-06,1.5903904e-06,6.341799e-07,2.616475e-06,2.8900556e-07,4.3816435e-09,7.035894e-08,1.4430593e-07,4.808081e-06,
500,0.9937915,0.0062084696,6.4897664e-13,4.1298956e-12,7.475976e-13,2.7762092e-13,3.8605672e-12,1.2310117e-10,3.5397293e-13,1.5107546e-14,2.646249e-13,5.696234e-14,4.3725624e-11,
501,9.483249e-11,2.4137613e-17,4.031216e-14,5.2242065e-19,3.1842763e-13,0.9999999,4.5836446e-09,4.551951e-08,2.0908413e-10,2.0931267e-11,4.0776e-10,2.4883569e-08,6.309594e-15,
502,8.665657e-07,2.7121906e-08,1.2385908e-07,9.515729e-07,0.9953929,7.6074265e-08,1.9445345e-06,1.5319174e-06,1.0002482e-07,0.004601274,5.5141157e-08,6.077954e-08,1.447249e-07,
503,1.0,1.0293244e-10,9.54122e-18,1.1239571e-15,8.6037644e-13,7.64876e-12,3.0026047e-14,6.5358115e-11,1.2459857e-11,5.421189e-15,3.165783e-16,1.3865161e-14,1.8984512e-12,
504,0.048756927,0.9512332,6.7048666e-07,3.63916e-08,4.4635507e-07,1.198494e-06,6.9669466e-07,4.80006e-06,3.9013364e-07,2.662846e-09,1.2315712e-07,5.046856e-09,1.3165932e-06,
505,0.9711567,0.028749023,2.8250406e-09,3.5003717e-12,2.2765802e-08,7.984685e-05,4.309179e-06,5.4136035e-06,3.935218e-06,6.407564e-09,5.5667574e-08,1.2281627e-08,7.1997476e-07,
506,0.99999464,9.618678e-07,1.8506294e-09,5.1200466e-08,9.40967e-07,3.5615884e-08,2.401658e-09,3.3972665e-06,1.3111175e-08,2.3722596e-10,2.0193922e-09,1.0338671e-08,2.5356126e-08,
507,9.979153e-07,1.257779e-07,7.260072e-05,0.00020962185,0.9632105,7.050917e-07,1.3819535e-05,1.2327705e-05,0.0031355002,0.03326835,1.3248798e-07,3.2680027e-06,7.1970164e-05,
508,0.99954456,0.00037592268,6.0564988e-05,2.9320445e-06,5.0869266e-06,8.247862e-06,3.210932e-08,1.1413447e-06,6.6731366e-07,2.832123e-09,2.487861e-07,9.157236e-08,3.0856197e-07,
509,0.99999595,3.921102e-06,7.275366e-13,4.0757824e-09,7.969581e-11,6.688159e-08,1.2898047e-09,5.0142756e-08,5.0186935e-09,4.3115685e-11,4.109014e-11,3.0092064e-12,1.1712041e-09,
510,0.9964353,0.0035633675,2.2996471e-11,1.8175077e-09,3.7932293e-10,8.5412114e-07,6.095749e-08,3.5707322e-07,7.628808e-09,4.3657344e-08,4.6049824e-08,4.4662807e-09,4.904962e-08,
511,2.24771e-09,9.877444e-11,7.833182e-09,1.1017452e-05,0.9995833,3.4647605e-09,1.1135347e-07,2.8753103e-08,3.713011e-07,0.0004051734,3.102001e-10,3.4757084e-09,1.7249848e-08,
512,4.9076895e-08,2.4029292e-11,2.1749946e-10,4.254937e-12,3.0694347e-10,0.99999464,7.1160815e-07,4.4822286e-06,3.9708805e-09,4.1359413e-10,1.2003167e-07,1.3284882e-10,1.3432072e-10,
513,1.6883096e-14,4.039285e-24,4.7988207e-16,7.4597384e-17,1.1942669e-14,7.598957e-08,9.8698925e-09,0.9999999,2.3109666e-14,3.4183333e-14,5.3074285e-11,1.1807177e-11,5.879804e-13,
514,5.748885e-05,0.0010095113,0.0016811877,5.015706e-05,0.050016418,0.0011912552,0.0010488016,0.00015463615,0.18424255,0.030593442,9.662321e-05,0.72983116,2.682393e-05,
515,1.4642701e-10,1.7344978e-10,3.793049e-09,9.219914e-08,0.9996062,1.247657e-10,2.1725562e-08,7.60739e-08,2.774334e-07,0.00039340966,2.3793484e-10,1.7974564e-09,8.2218605e-09,
516,2.426458e-13,6.842727e-15,1.2356086e-12,6.304122e-13,1.6895937e-10,1.3146837e-09,1.0038841e-06,0.99999905,2.4032694e-15,4.672776e-14,1.797051e-10,3.7855968e-13,2.4400358e-11,
517,0.99999774,5.1084334e-07,1.6529052e-11,2.7890576e-10,8.970026e-09,6.5039096e-08,1.1480827e-08,1.4933763e-06,1.898213e-07,3.6043433e-09,3.8760266e-11,4.408425e-09,1.9951687e-08,
518,0.14714062,0.852174,1.6036798e-05,1.0371777e-05,8.747382e-06,0.0005756636,2.9263154e-05,2.4253832e-05,1.9787537e-06,4.011146e-06,9.806081e-06,8.5015586e-07,4.5092806e-06,
519,7.412044e-08,2.5979512e-07,0.9969638,0.0016194461,0.0013383736,5.4170477e-09,3.7763844e-08,1.6342017e-05,5.0038295e-07,2.3220687e-07,1.05350615e-07,7.4980494e-06,5.331992e-05,
520,1.6861643e-24,2.609709e-25,6.1065083e-18,1.8879306e-18,5.472795e-18,8.613311e-15,2.940259e-10,1.0,1.9407238e-19,1.5930037e-16,1.1699494e-13,2.999548e-14,2.6604372e-12,
521,1.6893207e-08,4.34214e-07,0.9964457,0.0035095983,4.401296e-05,9.327391e-13,5.584605e-10,1.4296262e-07,1.4857412e-09,5.2988064e-10,4.0562953e-09,6.500866e-11,2.7768804e-08,
522,1.4370498e-06,1.4448558e-09,2.6413512e-05,1.0217456e-06,0.99514115,1.2650013e-07,4.8061497e-06,9.173008e-08,2.6314237e-06,0.0048222532,7.9909256e-08,2.3781468e-09,5.0370172e-08,
523,3.6914347e-11,4.7804396e-09,1.7214203e-08,8.834199e-12,0.00017232537,9.871009e-08,1.2376132e-07,3.833042e-11,2.6488064e-05,1.150307e-06,1.5654491e-09,0.9997998,7.033633e-10,
524,0.00035906045,1.3342066e-09,3.8903184e-07,0.0009511922,0.9085707,5.3583867e-06,0.0010698714,6.5510005e-07,2.3473498e-05,0.089016624,3.753364e-08,6.1254224e-07,1.945742e-06,
525,2.9737726e-06,2.9975978e-05,0.009773504,0.044101648,0.94377106,0.00025711572,0.00025921286,0.0002773315,0.00017346408,0.0007873152,0.00036043735,0.0001397971,6.6302346e-05,
526,0.99981326,0.00017115564,7.76133e-09,2.2665647e-07,3.318084e-06,7.182214e-07,2.4373387e-07,1.14051254e-07,8.425613e-06,1.9748751e-07,8.167803e-09,4.3789916e-07,1.9491767e-06,
527,0.020904163,0.9790943,5.3069757e-11,1.4867059e-08,3.048092e-11,1.8565878e-08,1.3145819e-10,1.4496594e-06,3.971748e-11,2.0060576e-11,9.360347e-09,1.5195374e-11,9.00241e-09,
528,1.03595434e-08,6.0282936e-08,0.016487325,0.00035224165,0.9830509,1.9070677e-10,8.551593e-07,5.155523e-05,1.14449065e-07,5.488141e-05,4.641845e-07,5.4620125e-07,1.0969976e-06,
529,2.9890605e-05,1.0607827e-06,0.99293023,6.8469104e-05,0.006930263,1.5081845e-07,4.40092e-08,2.45923e-06,9.4193275e-08,3.715252e-05,4.243713e-08,9.5188195e-09,2.853558e-07,
530,1.0,8.193673e-09,2.73125e-14,6.060941e-14,1.1879286e-14,1.438483e-10,1.5443628e-13,4.0486146e-11,6.664678e-12,7.872993e-15,5.886057e-16,9.268943e-15,3.878436e-12,
531,1.5858374e-06,0.00048962154,0.8836986,0.115798354,1.0375094e-06,6.2765753e-09,2.0536298e-08,9.893259e-06,2.3312433e-08,1.8385873e-09,6.530566e-07,8.145939e-08,1.949173e-07,
532,2.2033e-05,1.6968302e-07,1.3030098e-06,0.024882719,0.86420625,0.004813315,0.00030271566,4.012217e-06,4.851908e-06,0.10575332,1.9788404e-06,3.3707835e-07,7.01794e-06,
533,0.99999905,8.096407e-07,4.0389055e-12,2.8417536e-11,1.1449341e-10,7.595589e-08,3.7002937e-10,1.949511e-08,1.4098478e-08,3.1270397e-10,2.7962826e-11,2.3175818e-10,3.4485745e-09,
534,0.99999976,2.839403e-08,2.8866792e-10,6.6564436e-12,7.000326e-08,4.782773e-09,3.2243672e-10,5.2114366e-08,2.5624338e-08,2.258497e-10,3.888593e-11,4.1229846e-09,1.1109341e-08,
535,2.235734e-13,1.6126276e-18,2.544155e-16,8.775451e-15,4.35224e-08,6.759993e-05,0.99776256,0.0021698042,5.022788e-10,3.163096e-08,3.479709e-09,1.9423172e-09,2.7198893e-10,
536,6.9403177e-07,1.1074361e-08,1.647992e-09,5.4904767e-06,0.9991448,1.2224317e-09,0.00017786185,3.3069791e-06,3.6401772e-05,0.0006309666,1.8306903e-08,1.6948661e-08,4.186619e-07,
537,3.495067e-10,1.872706e-10,2.8231035e-09,0.99999964,2.0731885e-07,6.817132e-08,1.5226045e-09,5.086627e-08,1.1129949e-09,1.5344558e-09,3.1845762e-11,1.6997092e-13,2.1296458e-09,
538,1.2557839e-08,7.151455e-11,6.5138927e-12,1.0,2.8252716e-08,3.9229237e-10,1.3213983e-11,8.94557e-11,8.733697e-11,8.0288276e-11,4.2773413e-10,3.0238151e-12,5.7591965e-10,
539,9.0209396e-11,4.4941905e-07,1.643093e-10,1.3775383e-09,4.7465598e-08,9.552456e-13,1.4323095e-07,3.7616927e-11,0.0021189272,1.2594934e-06,9.1345036e-11,1.9766773e-07,0.997879,
540,0.00019086056,0.0027175823,0.00035586924,0.00012258698,0.0016947676,0.013325664,0.008318242,0.97245365,1.4176406e-05,2.4752057e-06,9.857565e-05,3.369443e-06,0.00070215185,
541,5.028073e-09,1.5858422e-09,3.847784e-08,0.99999964,1.0396822e-08,2.2392922e-07,2.0420637e-10,7.420873e-08,5.293597e-11,9.350814e-12,2.0163387e-09,2.484619e-12,4.211197e-09,
542,5.1188494e-05,1.2355076e-05,0.63880324,5.8883496e-05,0.29305732,0.00787715,0.0153168235,0.0030808686,0.0015288336,0.03960502,4.4205834e-05,0.00013432409,0.00042970036,
543,0.998782,0.0012173805,5.034193e-07,1.1747421e-08,3.8310375e-08,8.574393e-09,2.9101264e-09,9.76202e-08,1.1749e-10,2.152034e-10,5.4310902e-09,1.1811958e-10,1.4872638e-08,
