0,1.0,5.1620223e-12,1.3008244e-12,7.7075545e-17,1.1037259e-08,1.7061051e-13,4.5702273e-09,3.6397448e-12,4.5516346e-10,7.8100815e-09,
1,4.288416e-05,2.3734282e-08,0.0002558737,0.00030576036,3.1446298e-06,1.3850913e-06,0.992176,0.007059087,0.00012837384,2.7505497e-05,
2,5.2909076e-08,0.00010899909,9.790702e-10,0.99989057,1.8696808e-08,1.4883063e-09,2.7679445e-09,4.0096532e-07,1.3625184e-08,2.4875855e-09,
3,1.9810494e-12,2.9047821e-06,5.163032e-12,1.246894e-09,0.99999714,1.3490492e-10,1.3689069e-13,2.6213496e-14,3.32508e-14,1.3737544e-12,
4,0.0002650174,0.99693274,7.466573e-07,0.0027946406,1.1782505e-06,1.0344041e-06,1.4343786e-06,2.7570275e-06,5.6470594e-08,3.7668306e-07,
5,5.500384e-09,6.757025e-09,1.0118805e-11,1.0,6.7831607e-09,1.0919292e-11,6.543146e-11,7.482798e-09,1.7351118e-10,7.157541e-11,
6,0.9999951,7.701835e-12,1.0236876e-08,2.457122e-09,6.1862187e-07,3.2930825e-09,2.7957722e-06,3.2075427e-08,8.2073893e-07,5.572667e-07,
7,1.1179695e-05,0.7145326,3.2082422e-08,0.28536704,8.896318e-05,2.1076959e-08,5.4297548e-08,6.011716e-08,4.5701123e-09,6.465133e-09,
8,3.9478465e-09,4.777788e-05,4.863778e-08,0.9999467,3.5103283e-06,1.2845231e-07,3.0457613e-07,1.3749018e-06,5.029766e-08,1.100915e-08,
9,1.3273947e-05,0.8213793,4.3522888e-07,0.178298,0.00030334527,3.709275e-07,2.3643822e-06,5.708218e-07,1.8387608e-08,2.2927966e-06,
10,6.906895e-07,0.9933209,2.9241088e-05,0.0063998923,6.575325e-05,0.00013044535,1.3748878e-05,3.88097e-05,1.6512772e-07,2.5870145e-07,
11,0.00056945736,1.6785864e-11,0.3233951,1.936271e-09,0.05633882,0.0003301739,2.0975142e-06,2.7043354e-05,0.00013683377,0.6192004,
12,0.00013544118,0.045341663,5.443251e-08,0.95433843,7.2360854e-05,2.1738199e-08,8.643562e-05,6.0906377e-06,1.9329518e-05,7.113787e-08,
13,9.0435105e-07,2.4489717e-07,4.2330756e-10,0.99999607,2.7072135e-06,3.0757624e-10,3.144666e-08,2.5944747e-08,3.1012064e-09,1.6726427e-10,
14,3.5151257e-07,5.2448915e-08,5.065459e-13,0.99999964,9.450753e-13,8.140916e-11,2.4438695e-08,1.8048564e-10,1.8073283e-08,5.1217225e-12,
15,0.007953158,0.0004186122,6.4306613e-07,0.99132204,8.993296e-06,0.00022360247,1.8268298e-05,9.969263e-06,4.393925e-05,8.655051e-07,
16,1.6782698e-05,1.06536655e-08,6.7425106e-05,1.0990671e-09,3.213568e-12,6.5241147e-06,0.005261399,0.99464613,1.6624904e-08,1.6311328e-06,
17,1.708098e-10,4.739616e-06,1.9962847e-09,0.99999475,2.912649e-07,7.817663e-11,2.2938232e-07,1.229979e-08,2.7971148e-10,2.948977e-10,
18,3.0240748e-05,0.390478,1.3769252e-06,0.606643,0.00011716366,3.827921e-07,3.0073707e-07,0.00016894592,0.0025603862,2.4654932e-07,
19,7.889988e-08,7.0174366e-11,4.5516462e-11,1.5335052e-08,8.4663235e-11,7.8673495e-10,9.433183e-07,0.9999821,1.2204832e-07,1.6657532e-05,
20,2.9014338e-05,0.005724178,8.4201615e-09,0.99418914,2.039431e-05,4.53215e-09,7.994993e-06,2.9238834e-05,5.404301e-09,7.6028434e-10,
21,2.5213205e-07,0.18069214,1.4036208e-07,0.81916344,1.4187219e-05,2.9323115e-08,6.0050043e-05,6.95926e-05,2.7370438e-08,1.2514555e-07,
22,1.2289725e-07,8.0221966e-05,1.4213195e-10,0.9999194,2.466249e-07,1.723665e-10,3.091327e-08,1.5656733e-08,2.9972114e-08,1.783346e-10,
23,0.00030813762,0.28429192,5.2276067e-05,0.7143732,0.00033816663,3.6206704e-05,0.00016383977,0.00041123683,2.7685332e-06,2.2251106e-05,
24,3.1871317e-10,0.9738995,7.7702685e-11,0.026100535,2.6236076e-11,9.789849e-14,2.4447576e-11,3.3420192e-12,1.7054188e-13,2.8778615e-14,
25,0.0006100984,4.191616e-05,6.8800005e-06,7.6854245e-05,0.0015372528,0.0021653685,0.990715,0.004608105,5.7864818e-05,0.00018065512,
26,3.4959685e-05,0.999821,3.9601553e-09,4.435519e-05,9.965291e-05,7.250794e-09,8.566123e-09,4.4316963e-09,1.9930455e-10,3.0940747e-10,
27,0.9999615,1.2232751e-08,4.3280117e-08,6.929215e-08,1.1253915e-08,3.791496e-09,2.5835695e-07,3.8040132e-05,4.4435453e-08,4.1485795e-10,
28,1.9918829e-07,6.356284e-12,8.1637364e-11,4.131485e-08,1.6174893e-09,5.126301e-07,0.9999875,1.1726809e-05,5.9497096e-09,6.8189915e-10,
29,2.9950573e-12,0.9999999,2.8871893e-15,4.7140713e-08,1.3972823e-07,6.59187e-12,2.823951e-12,6.203252e-14,2.707892e-14,1.0129848e-15,
30,1.0,4.3112973e-15,7.129081e-14,6.2964544e-19,1.0264213e-13,1.4859294e-14,4.229031e-11,1.9563923e-12,5.5939892e-12,5.4210633e-12,
31,5.560133e-10,2.5901547e-06,1.6120663e-09,0.9999956,1.3611933e-07,1.2475088e-08,1.407653e-08,2.4997808e-09,1.7238655e-06,2.2515703e-11,
32,7.2966436e-06,0.5741412,2.2369892e-10,0.42574364,1.0138111e-10,1.1837292e-06,0.00010601454,6.002092e-07,4.5763167e-09,7.269065e-11,
33,4.4136735e-07,0.1475431,5.422555e-08,0.852453,3.0977242e-06,5.8309126e-09,5.5661594e-08,1.9078364e-07,2.158507e-08,1.1214752e-08,
34,7.368573e-08,2.1505127e-08,6.0536916e-11,0.9999976,3.1927214e-10,8.636975e-09,5.020882e-10,1.9511754e-07,2.0535547e-06,8.078805e-12,
35,0.0003058849,0.5739627,2.6554231e-05,0.36084217,0.06283502,5.9372223e-06,0.00025596583,0.0016930146,6.56619e-05,7.0201854e-06,
36,7.711618e-09,1.1187466e-05,4.0456125e-11,0.9999888,1.098832e-08,1.3066498e-10,6.49544e-10,7.3395254e-09,6.269111e-11,2.5874738e-11,
37,0.2031239,0.7948641,1.02912445e-07,0.00021161734,0.0017971303,7.9970056e-07,1.0889087e-06,1.2651598e-06,6.577799e-09,3.1372291e-09,
38,2.1503983e-09,1.9823516e-05,1.4496133e-10,0.99997926,8.390183e-07,1.095291e-09,9.821483e-09,1.1834103e-07,7.1760275e-10,1.9035226e-10,
39,0.0070516863,3.952132e-06,2.0379085e-09,0.00015086266,3.1153686e-05,7.395087e-07,0.99275863,2.8641973e-06,2.245539e-08,2.4274927e-08,
40,0.02042763,0.18636554,0.0011469253,0.75787044,0.03210937,0.0014594625,0.00019431829,0.0003852077,3.575944e-05,5.3764866e-06,
41,9.626724e-07,0.99999535,5.882032e-13,8.30282e-08,3.5474652e-06,7.54937e-12,9.937415e-09,1.3397749e-13,9.689044e-14,2.0063322e-13,
42,1.0000582e-06,4.4222266e-05,1.5961296e-08,0.99972075,1.4615291e-06,4.172321e-06,0.00012947172,9.8798875e-05,1.02572294e-07,1.8988728e-09,
43,7.3270368e-09,0.93872386,2.8737903e-08,0.022293212,0.038982823,5.197361e-09,1.14359736e-07,1.5223046e-08,4.657399e-10,2.0288306e-10,
44,2.5335092e-10,0.9999305,8.618131e-12,6.7904824e-05,4.0284034e-09,7.4171524e-14,1.4868898e-06,7.114511e-11,3.389771e-13,1.2631985e-12,
45,0.004488982,2.5581132e-05,4.6463902e-07,0.99476904,0.0007063918,7.075946e-07,4.0902957e-08,2.0169693e-07,8.113568e-06,4.8165487e-07,
46,9.319879e-05,0.5089205,2.028451e-08,0.49089465,8.6579035e-05,1.5438562e-08,2.4040958e-07,4.5681736e-06,1.8087977e-07,3.8010544e-08,
47,0.99987555,2.2205766e-08,5.097504e-08,1.70057e-11,1.09094564e-08,9.937006e-08,7.692222e-05,2.0597763e-06,1.1646042e-06,4.4170945e-05,
48,5.5645996e-06,0.8907224,1.3187054e-06,0.10918163,2.2727318e-05,7.3667127e-07,5.6712975e-05,7.0010437e-06,7.4644254e-07,1.1884437e-06,
49,3.3562243e-05,0.33464095,4.2883285e-06,0.65380824,0.011401165,8.437535e-06,4.2089858e-05,5.6753805e-05,4.41177e-07,4.0511964e-06,
50,5.4549457e-08,2.5869564e-05,1.5569079e-09,0.99988294,9.091951e-05,2.5343722e-08,3.074251e-08,9.290057e-10,8.099896e-08,3.301163e-10,
51,1.9050898e-11,0.9999863,5.143507e-11,1.3741533e-05,3.5482466e-09,1.6792262e-11,5.8659806e-09,1.038535e-11,4.317721e-12,6.331604e-12,
52,2.3812367e-08,3.40266e-08,1.3978083e-11,0.99999976,2.495578e-07,5.6015215e-10,3.6273975e-10,6.234165e-09,1.4716391e-08,1.8444395e-10,
53,5.5597407e-06,0.99051076,8.532488e-08,0.0068567568,0.0025978866,7.2422154e-08,2.5647349e-05,2.7164683e-06,7.530163e-09,4.950997e-07,
54,4.1597703e-10,0.4141699,5.5264e-10,0.5858293,2.2811112e-07,1.7453571e-08,5.694113e-07,1.6633965e-08,2.295614e-10,7.4029727e-10,
55,1.0,3.7453448e-17,1.7352835e-14,5.0034024e-24,3.786234e-14,5.702944e-14,6.6339136e-11,2.4006516e-11,8.179884e-13,1.866832e-11,
56,2.0825567e-08,0.0001328381,6.518472e-10,0.9998605,2.0554194e-07,6.8906786e-08,6.137956e-06,5.2646643e-09,2.5292513e-07,2.1265365e-09,
57,3.1248635e-09,0.15734486,1.0070185e-05,0.8425619,3.083652e-05,5.497369e-06,2.5990938e-05,2.0243982e-05,4.5579029e-07,7.1828005e-08,
58,6.94571e-10,6.798997e-05,2.6257936e-08,0.9999274,1.3774939e-09,3.6691716e-09,1.3063051e-07,4.555517e-06,3.7549405e-11,1.7243332e-10,
59,8.48322e-09,0.9998443,2.0670172e-09,0.00015031887,5.2771134e-06,1.9362243e-09,6.346468e-09,4.5222983e-08,1.0803007e-10,8.279293e-10,
60,0.0006966112,0.0004617658,0.07429418,0.013602562,0.0036775318,0.03928569,0.002024311,0.0039249384,0.85677457,0.005257831,
61,3.0236738e-08,0.9999988,2.7177216e-09,5.885819e-07,1.4647217e-07,4.684993e-10,3.4088735e-08,3.304707e-07,1.1132344e-12,1.13253205e-10,
62,5.0439727e-08,5.1169025e-07,1.45736525e-08,0.9999901,4.892828e-07,9.171231e-08,5.5601078e-08,8.535835e-06,6.010041e-08,3.8568803e-08,
63,7.312612e-05,0.4619362,6.8822665e-08,0.36138585,0.17660174,3.760291e-07,2.2774252e-06,7.310955e-08,7.491931e-09,2.1150086e-07,
64,1.2613303e-06,0.99944407,8.177634e-08,0.0005465411,3.0190737e-09,3.1515908e-09,7.993939e-06,1.02131466e-07,1.4308392e-09,8.318339e-11,
65,1.7702595e-06,6.871239e-08,9.8982496e-11,0.9999746,1.4300978e-09,1.4542986e-09,1.8301724e-10,1.2244963e-07,2.3405531e-05,3.0949472e-09,
66,8.952613e-07,0.27653617,7.729847e-09,0.68995297,0.03350988,8.366331e-09,8.4427114e-08,2.8615688e-09,3.6321155e-09,2.749226e-09,
67,8.990723e-05,0.008795463,2.6722253e-07,0.9909604,4.850224e-05,5.7493235e-05,2.5910153e-05,1.3915406e-05,7.770125e-06,3.9512557e-07,
68,6.6190154e-07,0.9409574,1.04643966e-07,0.058826495,0.00016111406,2.8628596e-08,8.17395e-08,3.6951085e-06,5.0089904e-05,3.877501e-07,
69,1.8209612e-09,6.841997e-09,5.2302003e-11,1.0,5.1172037e-08,3.309656e-11,9.252282e-12,3.3388317e-09,5.4134436e-10,1.3844754e-11,
70,3.7822945e-09,5.3683703e-08,3.8409276e-12,0.99999785,2.1504234e-06,3.2954004e-11,8.7665947e-10,5.636075e-09,4.763482e-09,1.7914047e-11,
71,1.5311236e-05,0.5239053,3.7427554e-08,0.47589567,0.000182994,1.1070893e-07,5.4610786e-07,1.4366142e-08,2.1925565e-08,1.2512818e-08,
72,3.1761832e-07,0.0011383167,7.238606e-09,0.99700445,0.0018478537,3.5505152e-06,7.030717e-08,2.6737232e-06,6.530076e-07,2.1830326e-06,
73,6.327575e-09,0.00027463387,2.1896247e-11,0.999724,1.5275758e-07,2.0348803e-10,1.1672282e-06,2.5178188e-09,1.483776e-07,6.429598e-09,
74,3.080719e-09,0.99987006,5.3690193e-14,0.00012988881,2.075124e-10,5.4843513e-14,9.539587e-09,6.844482e-11,6.0267485e-14,3.9939797e-15,
75,1.0969552e-12,2.2802145e-09,3.5049206e-07,5.15597e-16,4.1473616e-18,4.380979e-11,3.4382651e-06,0.9999962,1.6913356e-11,4.7493667e-09,
76,2.9612745e-06,0.0038628143,1.5463214e-11,0.9961337,2.6385267e-11,4.5426407e-10,5.888745e-07,2.1675127e-08,2.5208786e-09,3.885159e-12,
77,0.021978848,0.03933828,8.291274e-06,0.9318695,0.006100719,0.00036447734,0.0001362357,2.2793852e-06,0.00019568013,5.597117e-06,
78,1.0549822e-11,2.218944e-07,1.6955616e-13,0.99999976,9.978085e-09,2.5612056e-13,7.259761e-12,5.4183845e-12,4.428434e-12,5.024056e-13,
79,1.9780848e-12,0.99983084,2.9175432e-12,0.0001691433,5.888837e-11,2.35251e-11,3.4609498e-12,5.6096957e-13,6.126737e-12,1.0261209e-12,
80,8.699416e-05,0.81662065,1.3387774e-05,0.005811309,0.1774455,5.2511314e-07,2.130087e-05,1.1862166e-07,2.7786458e-08,2.2219068e-07,
81,5.481441e-10,0.0743157,4.68979e-12,0.92568433,4.898272e-09,2.4069165e-11,3.445151e-08,7.2047604e-11,1.5163853e-11,1.8363002e-11,
82,5.6258614e-07,0.9999969,3.721791e-13,2.3665825e-06,2.0167235e-07,1.6102559e-12,3.7110506e-10,1.423966e-11,1.5849517e-13,1.881101e-12,
83,4.845226e-05,0.00013145868,7.598778e-08,0.9997131,0.00010530896,2.5565496e-08,6.875213e-07,5.5760603e-07,8.546502e-08,1.1284664e-07,
84,2.9928486e-08,0.7409193,2.2157774e-07,0.2589842,1.2002261e-05,1.3678048e-09,8.432571e-05,2.8549236e-09,9.202026e-11,4.555138e-09,
85,5.5744163e-06,5.2835254e-05,1.855333e-08,0.99993086,7.852391e-06,3.399584e-08,2.1161468e-06,3.8323893e-07,2.3135607e-07,2.5428074e-08,
86,0.00091204257,9.6412505e-06,3.24761e-07,0.9989988,8.43086e-07,1.6337626e-07,2.6250935e-05,4.8386577e-05,3.4848497e-06,1.4057412e-07,
87,5.146766e-06,0.11068132,2.007036e-06,0.88843256,6.5524706e-05,6.855539e-05,1.3401406e-05,0.00071009423,1.1059731e-05,1.0271619e-05,
88,4.9899307e-11,1.0,3.7153353e-16,3.441931e-11,4.809607e-12,2.081152e-15,1.0542095e-12,4.2286028e-15,5.1907003e-17,1.16436e-16,
89,0.060051054,0.11483554,1.1052992e-05,0.0072587533,0.77920336,1.0614242e-05,0.00015985056,0.037761904,2.9034675e-07,0.00070758275,
90,1.0752224e-09,1.409646e-05,3.6411485e-10,0.99998593,4.264191e-10,3.2911212e-11,1.0243701e-11,2.9141804e-08,8.6611024e-10,3.0277676e-11,
91,4.0230388e-10,4.6688707e-05,7.763283e-10,0.9999528,4.271036e-07,6.3526726e-11,1.4953391e-09,8.000574e-09,6.7902806e-10,8.65797e-11,
92,4.9670643e-15,1.0317576e-18,3.9833903e-08,2.798667e-17,1.0,5.048529e-11,1.4454073e-11,9.887036e-17,3.6638273e-10,3.8251044e-10,
93,0.006660354,5.1185918e-05,2.0095865e-06,0.9930782,0.0001499007,4.942189e-06,6.0198918e-06,2.4018993e-07,4.6849644e-05,2.4546742e-07,
94,3.462178e-07,0.99999046,3.0895894e-08,8.389169e-06,8.390669e-07,6.966355e-10,8.365979e-09,2.6563847e-09,2.4504776e-10,1.4318919e-09,
95,8.3031443e-07,0.99660563,1.1739495e-09,0.00013842306,0.0032521882,1.1275644e-09,2.5381419e-06,3.4221517e-07,6.141869e-11,1.1153827e-09,
96,2.192515e-05,0.95963156,1.81904e-06,0.04028803,9.399328e-06,3.169137e-07,1.4453318e-06,4.5508845e-05,1.6826472e-09,3.3347558e-08,
97,9.434171e-06,0.07994165,1.5925212e-07,0.9192891,5.8596906e-05,3.1573613e-06,1.5413256e-05,0.0006817941,2.8711045e-07,4.232249e-07,
98,3.692051e-07,1.5397283e-10,2.1231483e-06,0.8314956,9.922925e-07,1.2253014e-06,0.16839151,4.1765503e-07,0.00010643735,1.3611234e-06,
99,0.12039561,0.004231254,0.0001282954,0.7989827,0.035395216,2.4194916e-05,0.0070513203,0.032006964,0.00018695269,0.0015975158,
100,6.8219617e-09,0.9988933,1.30154545e-08,0.001097786,8.076946e-06,8.4691676e-10,3.319101e-07,4.7649462e-07,5.1950888e-11,2.8822271e-09,
101,9.312058e-06,0.7069814,1.6999078e-06,0.29298493,4.721786e-06,1.5972269e-07,1.2887421e-05,4.651761e-06,2.7267749e-08,1.2214173e-07,
102,0.0024945294,0.50222915,9.222091e-05,0.0029104834,0.4790924,0.00014557352,0.012824339,7.987501e-06,8.6977485e-07,0.00020248395,
103,1.2714784e-06,4.0309433e-06,5.220491e-09,0.99999285,9.443604e-10,1.0764101e-08,3.2729137e-08,1.5211901e-08,1.7737476e-06,1.00887895e-10,
104,6.146596e-07,0.99321693,8.683023e-09,0.0065895454,0.0001893554,1.1442254e-09,3.4635243e-06,2.3917583e-09,3.5919662e-10,1.5506528e-08,
105,1.1450026e-06,0.0008583663,7.078439e-08,0.9987815,5.7958823e-05,2.7457859e-06,2.0262885e-06,6.5963177e-09,0.0002961988,6.450576e-08,
106,8.980742e-06,0.00032905137,1.4950562e-05,0.998401,0.0010961216,6.2496415e-06,1.0045933e-05,9.216983e-05,3.4937377e-05,6.548488e-06,
107,0.0022882053,0.0013758172,4.3668992e-06,0.98417073,7.378558e-07,3.683542e-06,3.4014425e-07,0.009636663,0.0025082342,1.1234624e-05,
108,2.5058007e-06,0.008757414,0.0010978163,0.9711909,0.0018075262,0.007827552,0.008409149,6.772272e-06,0.00087505265,2.5367834e-05,
109,2.1443813e-09,0.0009838362,7.598551e-12,0.9989955,1.8414095e-05,5.337238e-10,6.01684e-10,4.7787688e-14,2.2839724e-06,6.027197e-11,
110,0.007541513,1.1957011e-05,3.315727e-07,7.228751e-07,0.99241525,6.001971e-08,2.8620382e-06,1.6617447e-06,1.3157084e-10,2.56566e-05,
111,7.101201e-11,7.661821e-13,0.9999976,2.7237656e-08,6.1811463e-12,1.592097e-06,2.0014668e-10,5.6624594e-10,9.230546e-08,6.50735e-07,
112,0.00034893415,0.030429166,4.259324e-08,0.96719325,0.0013447274,3.5710735e-07,0.00068231946,3.8883353e-08,1.113088e-06,3.826877e-08,
113,1.6984734e-08,1.4424295e-05,1.1633577e-11,0.999985,5.914389e-07,1.4609437e-10,3.0177866e-10,4.9521347e-09,1.10983014e-10,1.164652e-11,
114,8.8222374e-10,0.999962,1.03425386e-07,2.940418e-05,2.635248e-07,3.8962824e-09,1.3650207e-06,6.7776627e-06,4.1720855e-10,1.826945e-09,
115,1.6480564e-09,1.7474044e-07,2.5348328e-12,0.9999999,5.0052035e-10,1.538396e-11,7.99508e-12,7.9180706e-10,7.0579085e-12,2.7010393e-12,
116,6.143851e-07,0.0008904608,2.2420993e-08,0.99910563,2.0479777e-06,3.3311107e-08,8.1759104e-08,1.0163917e-06,6.848302e-09,1.3081143e-08,
117,1.2369655e-07,0.9978005,3.767211e-08,0.0021463847,4.3234784e-05,8.029178e-06,1.0467059e-07,9.686336e-07,4.4540758e-07,8.5805807e-10,
118,2.1887543e-07,0.5784623,1.9142597e-05,0.4214813,2.1068989e-05,5.2454316e-06,2.7358062e-06,7.639908e-06,1.7194269e-07,1.9739778e-07,
119,8.139501e-07,5.967568e-05,2.7912215e-09,0.9999374,1.4092758e-06,1.4579307e-08,6.6927114e-10,6.4526887e-07,9.238476e-09,3.2779018e-10,
120,4.6991502e-08,0.000724664,7.8287556e-08,3.5345178e-11,0.99927515,3.608762e-08,4.4334204e-08,2.7446498e-10,1.2226243e-08,2.114274e-09,
121,1.7702987e-05,0.99798214,1.1985169e-07,0.0017254794,7.2146045e-06,2.7951924e-07,5.364306e-05,2.38842e-06,0.00021096959,8.234129e-08,
122,7.06734e-05,0.0015545822,1.3010311e-08,0.99821484,3.6546047e-05,3.1919436e-07,1.095864e-05,1.3725551e-05,9.830913e-05,5.4378738e-08,
123,1.6466796e-09,0.9999747,4.720386e-12,2.5284573e-05,9.21047e-10,9.449471e-13,9.631603e-09,3.4151363e-08,5.177343e-12,2.7545741e-12,
124,1.5420932e-11,2.677369e-13,2.745671e-12,3.896255e-13,1.1230479e-14,1.9932307e-12,8.674418e-06,0.9999913,1.007144e-12,2.627329e-08,
125,1.0931886e-12,2.3909507e-13,0.9999993,1.7330517e-08,1.1108842e-13,6.118045e-07,6.8854916e-10,1.3079826e-10,1.7665144e-09,8.2189345e-08,
126,1.5118297e-07,0.98959446,2.025294e-06,0.00073693565,0.009662695,2.0299465e-06,1.6724961e-06,1.9202427e-07,7.6816375e-09,9.924441e-10,
127,2.2142399e-06,0.97210455,2.2576855e-06,0.008339962,0.019477677,5.732849e-06,6.5575514e-05,1.8336867e-06,1.4892335e-08,2.3532222e-07,
128,2.2803725e-08,2.8320835e-10,3.8192113e-08,1.3426699e-05,3.4195033e-09,4.4720758e-07,8.452972e-05,0.9998914,7.699334e-08,9.94417e-06,
129,2.0356897e-07,0.05310253,1.5521524e-08,0.9465236,0.00037272254,2.5093532e-09,5.8316675e-07,2.620012e-07,9.66817e-09,1.0209816e-07,
130,2.1919898e-07,3.2972326e-05,1.1837354e-09,0.9995227,0.0004353902,1.3031476e-09,4.1472457e-08,2.9833573e-06,5.718622e-06,7.1640005e-10,
131,3.9645154e-05,0.8930954,0.0014080899,0.0018324637,0.09957713,8.3547704e-05,0.0021710922,0.0017439693,8.12376e-08,4.864384e-05,
132,4.005979e-10,0.0005107276,1.6225314e-09,0.9994856,3.1248148e-06,3.9238832e-10,4.845042e-07,5.1801217e-09,3.943769e-09,7.8428475e-10,
133,0.006855211,0.00012434355,8.034492e-08,0.99225193,0.00074407004,6.188815e-07,4.9407504e-07,1.7192326e-05,3.0402205e-07,5.809628e-06,
134,3.7363723e-05,0.00030737597,3.4441975e-06,0.99553216,9.853281e-07,1.1119956e-07,7.226652e-08,0.0041137077,4.651976e-06,9.023079e-08,
135,0.00221515,0.00016594245,0.00013927667,0.8872481,0.0043067425,0.00011113702,3.0450453e-06,0.10461917,0.0001665495,0.0010248686,
136,2.280326e-09,4.56493e-06,9.972728e-10,0.99999547,8.913282e-09,9.2508917e-10,3.6622357e-08,1.4314049e-09,6.9123387e-09,6.5875076e-11,
137,0.0013361251,0.00034031068,7.3249184e-11,0.99832135,2.1201827e-06,9.392788e-09,3.768483e-10,5.8371556e-09,2.339879e-09,3.4326175e-10,
138,8.260167e-07,1.31460865e-05,4.9443255e-10,0.9955734,0.0044125794,1.821378e-09,2.0715007e-08,7.313576e-12,3.820455e-09,6.567729e-11,
139,5.7232082e-08,0.0031942662,1.7661192e-08,0.9967552,5.0040377e-05,1.8837418e-09,4.315245e-08,1.3363706e-07,1.850472e-07,1.8647948e-09,
140,2.1436283e-07,0.31224462,9.0444544e-08,0.6877474,5.8802557e-06,5.093785e-09,1.192635e-06,5.446966e-07,2.4940774e-10,9.878563e-09,
141,1.0888528e-08,0.9970708,1.3323414e-11,0.0029240227,5.0251824e-06,1.9400961e-10,6.2253775e-08,1.6821898e-10,9.376464e-12,8.007336e-12,
142,0.036618754,6.631317e-09,0.0072910357,3.1791353e-07,1.3126898e-05,0.00015057794,0.95120335,0.0019969398,0.0020764037,0.0006495256,
143,1.0477833e-07,1.4542403e-10,2.4022364e-07,9.2661385e-06,1.9545565e-09,9.671775e-09,0.99999034,3.478671e-08,1.4353972e-09,4.3627044e-09,
144,5.9221835e-05,0.004677043,6.9634016e-06,0.97123855,1.6503804e-05,1.648032e-05,1.5128328e-05,0.023942294,2.0218133e-06,2.5749938e-05,
145,1.1056961e-07,0.026134193,1.0756537e-08,0.97386545,3.383352e-09,5.1395985e-09,1.9358566e-09,2.1065149e-07,1.8727997e-09,1.2366533e-09,
146,3.8925982e-08,0.07030406,6.040945e-08,0.9296856,9.35647e-06,5.999996e-08,3.4444106e-08,3.109913e-07,3.4477875e-07,7.363333e-08,
147,1.0,8.2166495e-16,1.2045709e-14,3.2009318e-20,4.682708e-15,5.430462e-15,1.3885719e-11,2.3532041e-11,4.2815612e-10,1.7556843e-11,
148,6.3976806e-08,0.012506185,2.9548008e-07,0.98734134,2.9216956e-06,3.2205353e-06,3.4772043e-08,0.00014566098,1.5226586e-07,8.055743e-08,
149,2.2489115e-10,4.2702126e-08,1.8559375e-13,0.9999999,8.359172e-08,8.9341013e-13,1.8299753e-09,4.6657847e-12,1.634718e-11,1.0412018e-13,
150,1.122741e-05,0.00024514418,6.513054e-09,0.9996829,6.5739578e-06,1.1857496e-06,6.7340407e-06,3.69967e-05,9.272393e-06,3.901346e-08,
151,0.0004923216,0.016286895,0.00023756926,0.83570135,7.979718e-05,3.168336e-05,0.1443144,0.002795334,5.5497323e-05,5.154725e-06,
152,1.11758484e-11,5.121283e-09,3.899348e-15,1.0,5.8063943e-13,1.0942742e-12,5.322569e-13,3.0823355e-13,3.3370215e-14,8.922551e-18,
153,1.5751148e-06,0.91221976,2.9811528e-05,0.08585868,1.3633303e-06,2.8478442e-05,0.000116871124,0.0017433586,7.914318e-10,1.0805826e-07,
154,1.5307332e-11,2.0722992e-07,1.9533652e-11,0.99999976,6.5876866e-11,1.8119899e-10,2.981334e-11,1.9155346e-09,4.5335855e-10,1.0327775e-10,
155,2.857572e-05,0.000105798004,0.1124803,2.7294625e-10,0.0005181374,0.00039090108,1.8648687e-05,0.00454825,0.0005939376,0.8813155,
156,2.768263e-08,4.308425e-06,8.164095e-08,0.99998415,3.5401424e-08,8.422926e-09,1.0081268e-08,1.1289921e-05,3.068387e-08,3.1245104e-08,
157,1.2464992e-05,2.5212559e-09,1.581744e-10,0.9999875,5.3252325e-10,2.7636968e-09,1.5142566e-09,1.5748144e-10,2.9940137e-09,4.5948568e-11,
158,0.0054724687,0.002513436,4.6794747e-07,0.983761,0.007831746,3.2084286e-06,2.3406114e-05,4.8445898e-05,0.0002979999,4.7730486e-05,
159,3.7252734e-09,2.6388174e-05,1.5444973e-09,0.9999707,4.7108645e-10,6.03143e-09,1.14774345e-07,2.8587503e-06,1.351324e-09,4.793719e-10,
160,7.130401e-07,5.257951e-06,5.865886e-10,0.9999325,7.779661e-06,5.8329766e-07,1.294482e-07,9.782549e-07,5.2100557e-05,4.466399e-09,
161,4.925713e-08,0.997598,8.917915e-09,0.0023983463,2.8485886e-06,6.80411e-07,1.9735122e-09,5.0122793e-08,6.3959815e-10,3.895254e-11,
162,1.7384587e-05,0.9881216,2.019459e-07,0.0032307112,0.008588339,3.0568277e-05,2.4714983e-09,9.1811935e-06,1.2347597e-06,6.776011e-07,
163,8.042371e-09,0.9988223,4.8918483e-08,0.001175502,4.715281e-07,2.3984317e-08,1.5520525e-06,1.7408748e-07,1.2907868e-10,4.9379184e-10,
164,3.3437075e-08,0.0002531255,0.00025943381,2.1742785e-11,0.9989378,1.641409e-05,1.1588443e-06,0.00049353077,8.7409273e-07,3.774331e-05,
165,2.8669808e-10,5.324921e-05,5.0225076e-12,0.9999465,2.288951e-07,1.6222098e-11,1.1171644e-08,1.2454161e-10,1.1540683e-11,5.6002126e-12,
166,4.063145e-09,0.9999728,2.8794389e-08,2.6743754e-05,1.6737394e-07,3.3449638e-08,1.7203462e-08,2.2481979e-07,1.3854846e-10,3.4301473e-10,
167,1.7059545e-09,0.99998784,7.6484355e-08,1.9429547e-09,1.20296145e-05,1.4721178e-09,1.2198682e-08,1.6745131e-09,6.59829e-13,5.302219e-13,
168,6.805186e-07,3.0086885e-06,8.075264e-09,0.9998342,0.00016158764,7.047993e-09,6.449448e-08,7.441215e-08,3.2500532e-07,1.6266892e-09,
169,3.6399324e-09,7.808937e-09,1.31978916e-11,0.99999845,1.4890159e-06,8.9111905e-11,2.793164e-10,4.500734e-11,8.891098e-09,3.5041994e-11,
170,1.3121215e-10,1.0,2.1417186e-14,3.3405215e-08,1.0777326e-08,1.2602533e-13,5.8685587e-12,5.648575e-15,1.1482871e-15,2.3490513e-15,
171,1.5608155e-05,0.00010304704,1.7679093e-10,0.99988127,8.735692e-11,1.0872792e-08,4.1571223e-08,2.6788523e-09,1.238299e-08,2.2873503e-11,
172,2.698872e-07,0.0028305529,4.182236e-09,0.9966654,0.0005034611,2.4501189e-08,3.126602e-07,6.162251e-09,2.8248932e-08,2.2102569e-09,
173,0.00022087806,0.9856814,1.7501652e-07,0.00034435926,0.01372616,7.5024765e-08,8.639951e-06,1.638265e-05,7.3416096e-08,1.7914751e-06,
174,4.945133e-10,0.9999993,4.364695e-11,7.4797896e-07,5.1855924e-09,2.5241254e-12,8.704298e-09,9.025949e-10,3.01908e-13,2.5451407e-12,
175,2.6397815e-06,0.2847489,6.97701e-07,0.7151272,9.725033e-05,2.3801565e-08,1.908282e-05,4.0217906e-06,8.352725e-08,6.629483e-08,
176,1.9476833e-08,0.9999995,7.6697475e-09,5.0038346e-07,2.2527539e-13,2.6087574e-10,2.5374564e-10,1.0967336e-11,2.8354838e-12,4.871455e-15,
177,7.992251e-10,0.0005147186,1.2764523e-12,0.99948287,2.3327332e-06,4.28932e-12,1.6629059e-09,2.60154e-12,1.6352602e-11,4.4060204e-13,
178,3.4627798e-10,2.0288355e-06,9.8370485e-11,0.999998,7.9127684e-11,1.196545e-10,9.707175e-11,3.203611e-10,1.5122521e-09,3.1430122e-11,
179,6.16219e-10,5.9396325e-06,8.428963e-11,0.99999404,9.124153e-09,8.8386605e-09,7.4490756e-09,1.7382932e-08,3.0874208e-08,1.554798e-10,
180,1.796703e-10,1.7230661e-08,1.7784918e-11,1.0,5.394499e-10,5.982688e-11,1.8083735e-12,1.6677982e-09,3.3337327e-10,1.0257603e-12,
181,4.982609e-06,0.0004943226,1.09984676e-07,0.9991055,1.7262202e-08,0.00024946057,1.4628748e-07,0.00012320174,2.1911837e-05,3.8773058e-07,
182,1.4270435e-10,1.2640024e-08,5.4417067e-13,1.0,1.0251844e-10,7.915342e-13,1.4391874e-11,3.108434e-11,9.13478e-12,2.6534878e-13,
183,1.448769e-07,0.026317278,1.0726081e-07,0.9736614,1.5098873e-07,1.1326947e-07,6.403581e-07,2.01064e-05,1.2574711e-08,5.87761e-08,
184,0.05750204,2.7230364e-05,0.08048567,0.00014724639,0.026794488,0.7018757,0.042284045,0.016666932,0.011159978,0.06305674,
185,2.5546718e-09,3.3290858e-06,2.2880982e-09,0.99999154,4.552721e-06,3.044746e-08,1.6387895e-07,2.9477092e-09,4.004677e-07,4.1362364e-10,
186,1.7645717e-10,9.4165065e-11,1.8184427e-15,1.0,1.5918763e-13,1.0490445e-12,6.786648e-11,9.832396e-15,9.022727e-12,3.9406302e-17,
187,1.08851346e-07,2.7395203e-07,3.423876e-10,0.997389,0.0026106557,8.914763e-11,2.5637594e-09,1.716569e-08,3.4413148e-08,1.14962526e-10,
188,0.007738604,0.0021258993,3.865418e-08,0.99007434,1.7743021e-06,1.6157408e-08,1.0707173e-08,5.7090987e-05,2.2049855e-06,1.4863664e-10,
189,0.00038539612,3.3974422e-06,0.0030415684,0.6190939,1.4525637e-05,0.06865356,0.033896834,0.0018887726,0.27093115,0.0020909528,
190,0.0014448132,0.8697797,1.9043217e-05,0.043671854,0.0847631,3.6247573e-05,3.0303763e-06,0.0002636035,3.5564844e-06,1.50508695e-05,
191,7.283534e-07,0.004055479,4.3549035e-09,0.99594104,3.5219395e-07,2.5460767e-07,1.284176e-06,7.383016e-07,1.3481576e-07,2.4863236e-09,
192,1.1335758e-06,5.8184723e-05,4.3898686e-07,0.99977833,4.5188463e-07,1.5638028e-05,2.3256638e-05,3.8097565e-05,8.378448e-05,7.4892705e-07,
193,3.8309347e-09,8.436943e-06,1.3695373e-05,6.5912933e-16,0.99997747,2.9704555e-07,2.2804372e-09,7.4533113e-10,6.5349357e-09,8.330685e-08,
194,6.6496526e-12,0.9999994,1.0261703e-09,2.4481226e-09,1.11687896e-07,2.769348e-10,4.880328e-07,2.4283844e-10,6.723072e-12,9.165684e-12,
195,8.3543284e-08,0.0047022086,9.439756e-08,0.9951539,3.9652602e-07,4.6962074e-07,5.625458e-08,0.00014259978,2.721541e-07,1.8699321e-08,
196,4.2197016e-06,8.24145e-11,2.3912676e-06,1.9829931e-05,6.9787127e-12,2.6258927e-08,0.9999423,3.0803163e-05,5.0045503e-07,1.0186607e-09,
197,0.0004883143,0.13086359,1.234556e-05,0.7397115,1.3801434e-05,3.5310902e-06,0.0022703023,0.12629509,7.851459e-05,0.0002630648,
198,4.068886e-05,0.99786407,3.0224633e-06,0.0012648634,0.0007317879,7.083555e-06,4.2689815e-05,4.064193e-05,3.3710587e-06,1.7762062e-06,
199,3.1535942e-06,3.696281e-07,1.4623703e-08,0.99996245,3.2800715e-05,1.6328032e-07,5.109039e-10,9.056644e-09,1.0828134e-06,6.254212e-10,
200,9.165236e-09,8.8772975e-07,2.1910462e-10,0.99999857,5.993405e-07,9.8709565e-12,1.8816024e-09,8.041652e-09,1.9712018e-10,1.3561129e-09,
201,3.838958e-05,0.00076834863,2.3221664e-06,0.99764436,0.0014578914,1.6639324e-06,3.9896047e-05,3.1355798e-05,1.5395723e-05,3.4161073e-07,
202,1.5974563e-05,0.00010011773,4.669068e-09,0.99988353,9.310911e-09,2.083556e-10,3.4522665e-07,1.5677776e-08,9.965965e-10,1.105765e-09,
203,5.7686733e-10,1.0,3.0126796e-13,2.388359e-13,3.7436707e-11,3.710874e-12,2.3813554e-08,1.3365415e-14,9.511534e-17,3.8126935e-17,
204,0.00016323749,0.00069813116,1.2793781e-06,0.9917148,3.4759626e-06,1.5626848e-06,0.00011063187,0.004993667,0.0023131897,9.202075e-08,
205,2.569929e-08,0.9995389,4.6512596e-08,3.4408138e-05,2.5184588e-06,1.2163474e-06,2.2162185e-06,0.0004207694,1.0871304e-09,7.3669595e-09,
206,3.0299606e-07,0.00045694617,3.3981036e-07,0.99952245,2.0683757e-08,2.2004153e-07,9.747919e-06,9.719912e-06,1.7917235e-07,2.1056136e-08,
207,4.3085155e-08,0.0014683047,2.8259087e-10,0.99851865,1.3052749e-05,6.358444e-09,3.7581316e-09,5.240259e-09,2.687895e-10,2.4942745e-10,
208,2.2518072e-09,0.9999682,8.193924e-10,3.7659015e-06,7.368539e-08,5.6329014e-08,2.074319e-06,2.586698e-05,6.513856e-13,2.4979643e-08,
209,1.3781292e-05,0.90965134,1.488848e-08,0.089897,0.00042480492,6.540338e-08,1.29830105e-05,1.2878517e-08,1.5132576e-08,1.8079845e-08,
210,4.2429257e-08,1.5085704e-09,2.808418e-11,0.9999999,2.4617695e-08,3.9388577e-09,5.4853393e-09,4.894156e-10,1.6591742e-09,7.242539e-13,
211,2.0276574e-09,0.012587463,1.6048886e-11,0.9874126,1.1594192e-09,2.335556e-09,2.9360145e-10,1.2759664e-10,5.006597e-09,1.5895894e-11,
212,7.149657e-14,9.977702e-10,2.4063244e-13,1.0,2.0505526e-11,1.6402205e-12,7.1943007e-12,1.3582153e-11,8.236378e-11,4.1019217e-14,
213,4.9396196e-08,0.89155036,6.9353824e-08,0.10677774,0.001671637,1.6329764e-08,1.3445026e-07,1.5462419e-08,1.8840936e-10,7.359868e-09,
214,0.9999994,4.0445873e-09,1.897256e-08,1.0017841e-08,8.1733496e-08,2.8124452e-09,2.2196375e-07,9.372185e-08,1.2345616e-07,3.9586055e-08,
215,1.6100201e-06,0.991034,2.8001002e-08,0.0066933143,0.0022699242,1.08682e-07,9.776784e-07,4.1096406e-08,2.573963e-10,6.558634e-09,
216,1.8924626e-09,2.463543e-07,3.119087e-11,0.9999956,4.119028e-06,9.49108e-11,1.1841389e-10,1.9497884e-10,2.0955536e-08,1.5830186e-10,
217,8.494931e-06,0.0006320195,1.8673926e-07,0.99875116,0.00024462133,4.657283e-05,8.433454e-06,0.00013421604,0.00017291565,1.3297828e-06,
218,1.2783313e-06,1.31493835e-14,1.1530058e-09,2.8803672e-07,7.471681e-09,1.1437577e-06,0.999997,2.7644535e-07,3.1177563e-09,5.480319e-11,
219,2.23372e-08,0.99978036,1.3038366e-09,0.00021916656,4.6889465e-07,1.1515027e-10,7.3935875e-09,5.0459935e-08,7.114639e-14,4.6496418e-12,
220,2.2054946e-13,5.351321e-11,1.1838894e-13,1.0,2.994488e-11,4.6814625e-13,2.0986395e-11,1.0592469e-11,3.1695477e-12,2.17467e-14,
221,5.3264077e-05,3.537125e-05,4.023076e-09,0.99989855,1.216244e-05,1.7207983e-09,1.0164545e-08,5.6443804e-07,2.327503e-09,1.8930335e-09,
222,2.56656e-09,0.9575956,4.9927134e-09,0.042404044,1.4634493e-07,1.8876547e-08,1.9118339e-08,1.0386915e-07,6.312071e-08,3.758813e-09,
223,6.686965e-05,3.3017986e-06,1.3912091e-10,0.9998579,1.1619161e-07,5.379552e-07,8.960307e-09,3.1141016e-09,7.122788e-05,1.1425643e-11,
224,5.097492e-10,1.0,8.3066814e-14,4.2240714e-08,1.524134e-12,2.7046017e-12,1.9237364e-13,4.0843306e-15,1.473221e-15,4.226377e-15,
225,3.0909043e-11,6.4945116e-09,1.1772691e-13,0.9999999,1.6720318e-12,7.395232e-11,2.3255389e-08,1.0464841e-09,6.055887e-08,3.930474e-13,
226,1.2455309e-06,0.00050717033,4.547298e-08,0.9994885,1.8722185e-06,7.098364e-09,3.3530636e-08,1.0715348e-06,3.0150644e-09,3.3740417e-08,
227,3.5844183e-10,2.3736002e-06,1.279027e-10,0.9999976,5.992353e-09,1.3371174e-10,9.127571e-11,3.9853373e-10,3.238269e-11,4.9954707e-11,
228,0.002254065,0.87689716,9.95591e-06,0.120462395,6.3396205e-06,2.5246532e-06,2.6419548e-05,0.00032292624,3.498825e-06,1.4723285e-05,
229,9.145382e-05,0.17733563,1.3542092e-07,0.819235,0.0029430015,2.2467586e-06,6.6983994e-05,0.00031268972,1.1776699e-05,1.0118903e-06,
230,8.580743e-09,0.07626848,4.9809207e-10,0.9237191,1.2373269e-05,1.294913e-09,1.6292585e-08,3.16241e-09,3.433888e-10,1.2763889e-10,
231,1.455568e-06,4.235918e-08,1.8785598e-11,0.9999491,5.9945637e-06,1.5613647e-09,4.3436237e-05,2.028214e-08,3.422006e-08,1.5659779e-10,
232,3.5086274e-09,0.9999919,2.2435766e-10,7.91554e-06,9.6761866e-08,1.7838427e-10,8.755773e-08,2.1882209e-10,1.4257273e-12,3.890625e-11,
233,6.4442084e-08,8.3424755e-05,2.2162436e-09,0.99991596,2.2693726e-08,5.173343e-10,1.8173792e-10,4.8818754e-07,6.051885e-10,1.3042871e-09,
234,6.6501145e-11,4.0944624e-07,1.5456957e-11,0.99999964,2.059927e-09,3.0728926e-11,8.602297e-10,2.703192e-09,1.5108823e-09,6.095284e-12,
235,1.7279894e-09,0.9999393,3.5736356e-10,6.0478127e-05,2.9180214e-08,1.3951124e-09,4.9301594e-08,3.9536744e-08,1.0594337e-10,6.1580866e-12,
236,1.0154716e-09,2.9517513e-12,0.999992,2.640588e-07,1.5804432e-09,5.500873e-06,9.317415e-08,1.9713402e-09,3.263394e-07,1.765827e-06,
237,2.8736893e-06,0.66191876,1.579387e-07,0.3380331,3.1775628e-05,1.1670507e-07,7.282654e-07,1.2383777e-05,1.0395348e-07,7.500181e-08,
238,6.6777677e-09,0.99715245,2.3318528e-06,0.002841185,5.0656837e-07,7.7861074e-08,1.735816e-07,3.2539212e-06,3.6289413e-10,7.456607e-10,
239,7.581024e-06,0.024248373,9.236299e-09,0.97574323,5.3353943e-07,5.2323657e-10,1.7902114e-08,2.9024864e-07,3.938801e-10,6.1952834e-09,
240,1.121603e-06,0.00013631364,1.2005682e-08,0.99986136,1.0286402e-06,1.4358803e-09,4.0880654e-08,7.190053e-08,2.9114327e-09,2.977742e-09,
241,0.00320444,5.9177396e-06,5.134372e-07,2.7198985e-06,2.5407124e-05,7.3636706e-08,0.9967452,1.1979246e-05,4.020272e-07,3.3866888e-06,
242,0.19716786,1.7928237e-07,1.8478828e-05,0.0067418055,0.019306859,0.051909298,0.2745237,0.38553685,0.06436829,0.00042660427,
243,7.557886e-13,1.0910023e-08,1.5288964e-13,0.9999999,2.4884792e-09,7.3502844e-12,5.7325317e-10,6.4759234e-08,1.1569502e-09,1.9582287e-12,
244,3.9197926e-11,6.689837e-05,1.2985802e-08,0.99991345,3.4124025e-07,4.5273143e-08,1.7159971e-08,1.9232291e-05,1.5348599e-08,1.1378184e-09,
245,5.943541e-08,8.935081e-05,1.9598373e-08,0.9998957,4.461247e-12,2.521223e-06,7.765835e-09,1.2263092e-05,5.5979744e-08,1.4766023e-09,
246,2.4031308e-07,0.9928532,1.613131e-08,0.006995862,0.00015048402,4.7001436e-08,1.7922738e-07,2.7259631e-08,3.1951386e-10,8.6909833e-11,
247,1.09671563e-10,0.9997347,7.0806516e-09,0.00025351497,5.5894725e-06,4.6480133e-07,5.5551322e-06,1.213364e-07,9.047193e-09,1.4263343e-08,
248,5.6068035e-09,6.8659e-05,1.2421236e-09,0.999931,3.511363e-07,5.420054e-10,8.061256e-09,2.0165357e-08,8.094053e-10,8.030708e-11,
249,4.748315e-09,0.00038330944,1.6357762e-10,0.9996165,7.80517e-08,3.1673505e-10,2.0329791e-09,1.2738503e-08,6.2032995e-10,2.1514629e-10,
250,4.5197926e-06,0.99459827,4.3872324e-09,0.0006440692,0.0047511505,5.7479532e-09,1.1996925e-06,8.502179e-07,3.1618133e-09,2.6233323e-08,
251,9.188571e-12,0.9999318,4.6304757e-12,4.2463347e-05,3.404762e-10,1.6012774e-06,2.4170671e-05,5.473791e-10,1.1399657e-13,4.740083e-13,
252,9.735594e-11,3.5104713e-05,6.6841414e-11,0.99996495,1.6119378e-08,1.7707596e-11,4.5764212e-11,2.0031504e-10,1.0157737e-12,9.594311e-12,
253,0.00010264864,1.8870514e-05,5.7735804e-08,0.9998061,6.0272273e-06,8.0715765e-08,2.656706e-07,6.580354e-05,9.575549e-08,3.3952703e-09,
254,3.2856528e-07,8.67894e-06,6.202451e-10,0.9999908,1.9034006e-07,1.2845467e-09,1.3555909e-08,1.4645751e-08,9.490176e-09,9.550785e-10,
255,0.0011464694,4.623176e-05,4.4075414e-09,0.9983985,0.00039452943,1.3405142e-05,7.6309243e-07,4.952215e-09,7.571551e-08,5.813484e-09,
256,1.5261212e-05,0.9973699,3.7561856e-09,0.0026087863,2.3392604e-06,6.7610345e-10,3.3643641e-06,3.7894569e-07,1.7429779e-09,3.750473e-09,
257,0.00012626275,0.99974316,3.884047e-10,4.7687223e-07,0.0001234883,3.0307898e-10,6.3890902e-06,1.2992689e-07,3.7802025e-11,1.00999536e-07,
258,4.3017597e-08,0.99995995,9.934528e-12,4.0013136e-05,2.1407378e-11,8.558975e-11,1.04524285e-10,6.0908494e-11,4.8816684e-12,1.0598925e-13,
259,1.4114101e-05,1.7536615e-10,0.0007551064,1.0176575e-13,0.9886557,1.7803992e-05,1.6968317e-05,3.5503425e-07,8.150611e-07,0.010539181,
260,4.1718145e-08,3.4138867e-10,1.7056857e-07,4.8686194e-11,9.242015e-14,0.99997604,1.5944639e-09,2.3675773e-05,4.2748454e-08,2.2655722e-09,
261,6.558803e-13,0.99998784,1.1517362e-12,2.4059203e-12,1.7138666e-09,6.157578e-11,1.2127411e-05,1.4593714e-14,2.9729096e-16,7.1607265e-16,
262,8.823371e-08,0.00013626285,2.3386775e-09,0.99986064,2.3350665e-06,2.9181075e-09,4.4167603e-08,6.1448884e-07,1.8282286e-08,1.5096152e-09,
263,3.149102e-06,0.0013731554,7.6734885e-09,0.99861896,3.0366232e-06,2.7853728e-09,1.689046e-06,2.2583897e-08,1.0552003e-08,4.157768e-09,
264,1.731448e-09,0.0002202602,9.157729e-12,0.99977976,1.151747e-08,9.513574e-10,1.0343664e-09,3.857399e-09,1.1028243e-08,8.696864e-12,
265,2.0990605e-07,3.3849752e-05,4.3901163e-10,0.9999621,3.5766325e-06,3.4829593e-09,1.1390625e-07,4.3981334e-08,1.3571476e-07,3.5347323e-09,
266,7.618588e-08,0.9898337,1.2677253e-07,2.7403023e-06,0.010162653,1.5423847e-08,6.6728563e-07,6.04635e-08,1.9813744e-09,6.2081024e-10,
267,1.3718385e-05,2.4407644e-05,2.4114004e-06,0.0019631023,3.3228962e-06,2.6523878e-05,0.99614394,0.001813983,5.09667e-06,3.437622e-06,
268,6.3489557e-07,7.609996e-09,3.055755e-10,0.9999987,5.13762e-07,6.979643e-11,4.3100714e-09,9.84486e-08,1.3990564e-09,3.9564267e-09,
269,1.3973389e-10,0.01989591,2.9988522e-11,0.98010385,1.8478988e-07,1.5111891e-10,2.122161e-11,4.68756e-10,1.3707813e-08,3.2293116e-11,
270,0.00074633845,0.0003725633,7.4627683e-06,0.99526656,2.7311136e-05,0.00234258,0.00015927141,4.7191796e-05,0.0010178735,1.2767336e-05,
271,1.0,4.443039e-19,4.836789e-13,6.306802e-23,3.908997e-12,4.454654e-16,2.1718257e-11,3.9644513e-14,9.912693e-14,1.1924428e-12,
272,8.274659e-09,0.015857944,3.2907874e-08,0.9841409,4.301246e-07,1.34227225e-08,3.8484945e-08,7.0585685e-07,1.784804e-08,2.6699298e-09,
273,0.15778355,0.0060866694,3.2790787e-08,0.8360189,3.623884e-05,2.04784e-07,2.9638816e-06,7.068697e-05,3.4677086e-07,3.6757314e-07,
274,1.5311817e-07,0.90410453,1.0442826e-07,0.09423061,0.0016621741,1.0654222e-06,1.7395841e-07,1.2478878e-06,1.5721558e-09,1.5841247e-08,
275,4.6420934e-07,0.0032847163,2.8653202e-08,0.9967051,5.6365843e-07,1.097794e-08,1.0466323e-07,8.990712e-06,4.460842e-08,2.5392486e-09,
276,4.063904e-06,2.3829238e-05,2.1890847e-07,0.99127567,6.335009e-09,8.9702917e-07,1.10148854e-07,0.00869356,1.6771087e-06,7.577007e-10,
277,2.8520265e-07,0.0003774171,3.7069828e-08,0.9995591,4.4388607e-08,5.2031055e-07,5.668103e-09,6.05176e-05,2.0461266e-06,1.0899849e-08,
278,0.00015679293,0.932013,2.039438e-06,0.06628128,0.0014115941,9.901135e-06,1.763066e-05,9.90607e-05,5.197996e-07,8.286257e-06,
279,0.00015501675,0.768241,2.0975274e-07,0.23155887,2.6055206e-05,2.067802e-06,9.239565e-07,1.5624173e-05,3.2833192e-08,1.5545798e-07,
280,6.461819e-07,0.709159,7.46023e-06,0.28863162,7.8563615e-05,2.0698567e-07,1.362382e-06,0.0021193344,1.2713942e-06,5.467604e-07,
281,1.6370748e-09,9.753241e-06,8.234639e-09,0.99999,3.6206472e-08,2.440114e-09,1.7720798e-07,1.5989395e-08,1.2473346e-09,2.6722732e-10,
282,2.4415851e-06,0.0021775316,7.1559136e-08,0.9977004,8.606634e-06,7.612209e-06,2.0159366e-06,2.45561e-06,9.882646e-05,4.583358e-08,
283,1.0,2.943835e-20,4.6085995e-14,9.377404e-25,3.515305e-14,4.3699764e-16,4.548731e-12,2.977784e-14,2.4489503e-13,4.95011e-10,
284,9.083868e-06,0.010570186,8.861249e-09,0.98922104,6.0549404e-08,1.2358706e-06,0.00019208598,5.957754e-06,2.2913298e-07,4.6175935e-10,
285,1.581972e-09,1.807008e-11,3.4840872e-12,0.9999994,5.9997296e-07,8.825726e-11,3.21506e-11,1.1560171e-08,3.4395238e-09,4.7638366e-08,
286,0.9999995,5.7086723e-08,1.0763819e-09,1.0516551e-07,1.2675526e-09,4.6309973e-10,5.2178525e-11,3.2317735e-10,3.7987851e-07,2.5259408e-09,
287,1.5252452e-08,8.243959e-06,1.1396854e-08,0.9999771,1.1094844e-07,1.5310514e-08,2.3498944e-07,1.42548015e-05,1.0001886e-08,8.6575574e-10,
288,1.9034889e-06,2.4876445e-06,1.3448487e-09,0.99999475,8.5222376e-07,9.289453e-09,1.5162975e-08,1.4734153e-08,2.6866084e-08,1.9343782e-09,
289,6.748699e-10,3.9422e-06,1.2462427e-10,0.9999958,6.123286e-08,3.8394077e-10,2.0688866e-07,2.998213e-11,1.5308814e-08,3.2270952e-12,
290,1.5242582e-09,1.0198999e-08,6.5412606e-11,0.9999999,1.18663905e-08,2.633244e-10,1.785896e-10,1.0631103e-08,7.165378e-08,9.2368e-12,
291,1.02651425e-08,1.3855895e-05,3.5858227e-10,0.99997926,6.8446725e-06,1.0005394e-09,1.2937827e-08,7.977259e-09,7.68938e-09,4.7161615e-11,
292,2.9266916e-08,0.60284877,2.0466909e-07,0.3570923,0.040052764,5.1367317e-07,7.4490156e-09,5.3043173e-06,9.4378315e-08,7.7232656e-08,
293,9.4468565e-12,0.11015624,5.8400656e-05,0.75767887,0.00014323609,1.0638187e-05,2.6319874e-05,0.1319225,3.6456124e-06,1.3337397e-07,
294,8.7569045e-09,3.2152334e-07,4.1197774e-12,0.9999995,6.7960336e-08,1.8571322e-11,2.455534e-10,2.3167313e-09,1.576066e-09,2.1594575e-11,
295,2.5293215e-08,4.3053222e-07,1.1883249e-10,0.9999995,2.0456317e-09,9.426211e-10,9.2294054e-11,4.217307e-08,2.0010506e-10,1.4601813e-11,
296,0.00024702703,8.8695025e-09,0.00014748548,5.7571313e-05,2.8268101e-07,0.0005529717,8.611157e-05,0.001722339,0.9970235,0.00016268286,
297,0.9999441,5.139481e-09,3.9471006e-06,8.559725e-10,1.884452e-07,6.0505265e-08,9.661497e-06,5.4981347e-06,1.5325251e-05,2.1196358e-05,
298,1.8420486e-08,0.9947008,2.5320926e-10,0.0052966736,2.5650645e-06,3.2316427e-09,5.2466347e-09,5.8726456e-13,9.72919e-10,1.4622992e-10,
299,1.2300815e-09,0.9961511,4.6984742e-11,0.0038424057,6.504194e-06,1.2504399e-12,1.5943392e-08,4.5153527e-14,1.613671e-12,1.1286946e-11,
300,4.710313e-06,0.928183,3.0839814e-07,0.071803644,6.6658956e-08,7.892037e-08,8.306794e-09,8.181843e-06,8.010843e-09,9.701943e-09,
301,1.0978451e-08,0.0066362694,4.80151e-10,0.9933636,1.4162997e-07,7.2573995e-11,1.0810947e-08,2.6372401e-10,2.827828e-11,3.989117e-11,
302,8.752648e-09,1.548891e-05,4.5434037e-13,0.9999845,3.526666e-11,3.5507398e-12,1.945159e-08,6.5390554e-10,1.9294419e-10,6.2533735e-13,
303,2.1250674e-08,0.002094724,5.0074554e-08,0.99788374,2.0280082e-05,2.9101072e-08,1.943324e-07,9.489535e-07,4.8718302e-08,8.414072e-09,
304,3.9481758e-11,2.3797448e-08,3.2223535e-10,0.9999987,6.0708695e-11,1.7181271e-09,4.6061405e-11,1.329557e-06,1.516359e-11,3.542215e-11,
305,3.108963e-05,0.010157768,7.184836e-11,0.9898089,1.9264476e-06,2.0034518e-10,8.090106e-08,8.886968e-09,8.403642e-11,1.8798688e-07,
306,4.899434e-13,2.488588e-07,1.6469522e-14,0.99999976,3.2295725e-11,3.0355984e-15,1.219672e-14,7.72108e-12,1.969371e-13,2.3170894e-13,
307,0.003379331,0.12822494,0.00022684,0.59470725,0.015464366,0.0012198649,0.14260858,0.0007116101,0.11180443,0.0016527816,
308,0.00087700255,0.10329946,5.459449e-06,0.38965404,0.28202966,1.7512737e-05,0.06709809,0.15678659,2.0011126e-05,0.00021217532,
309,5.9417165e-05,0.858021,3.0333613e-08,0.12982254,0.012092895,1.4234337e-06,2.6504272e-06,5.647284e-09,3.84376e-09,2.59821e-09,
310,0.0035406807,0.55503505,3.050492e-08,0.4414217,6.170608e-08,7.215885e-10,5.304263e-07,1.9550482e-06,1.1888233e-08,1.1622454e-09,
311,7.395048e-12,5.2159803e-06,2.298221e-10,0.99999475,4.4083845e-10,2.3625643e-11,4.1680148e-10,1.8399371e-09,7.9365035e-11,1.5670345e-11,
312,1.8305285e-13,0.9999989,1.0458714e-11,1.0628661e-06,1.219443e-14,2.6533773e-14,7.279888e-12,8.2289375e-12,1.1190665e-14,6.5858336e-15,
313,2.1636806e-10,5.6751265e-08,2.2923496e-09,0.99999964,4.278813e-08,2.1338336e-09,3.3643215e-07,4.9031293e-08,5.494919e-09,7.9214794e-11,
314,7.9376456e-05,0.9977482,3.905618e-10,0.001550133,0.0006221254,6.9758765e-10,9.213789e-08,1.6424179e-09,1.4106125e-09,5.2625375e-09,
315,8.23881e-08,0.0020638527,7.074048e-10,0.99791735,5.7180964e-06,2.1261113e-09,1.2704202e-05,2.444275e-07,2.340678e-08,5.8024396e-10,
316,9.8790665e-08,3.3857624e-08,2.1629394e-09,0.99999964,5.7166705e-08,7.511409e-09,3.6910727e-08,1.356857e-07,4.787137e-08,1.1188759e-09,
317,5.0050116e-06,0.9996507,1.6372157e-09,0.000159375,0.00018491704,8.251968e-09,4.3862766e-08,1.0871301e-08,1.1699034e-11,5.816089e-10,
318,2.983852e-07,2.0306817e-14,0.99997795,6.985612e-07,4.3508837e-09,4.9128857e-06,3.1225995e-06,7.0750666e-10,1.1357897e-05,1.5893245e-06,
319,2.2345225e-07,3.746824e-09,0.00014474122,0.019320367,1.0897372e-09,1.8869994e-05,0.98047847,1.9634548e-05,1.0895233e-05,6.813798e-06,
320,4.773504e-09,0.009656208,5.721775e-12,0.9903438,6.513122e-11,4.816035e-14,8.539333e-12,2.5590811e-13,1.21633796e-14,4.767355e-12,
321,3.4172862e-07,0.011198902,1.3231643e-08,0.9887861,1.0541016e-05,4.223527e-08,2.8051413e-06,1.2679674e-06,5.9279164e-09,7.60347e-09,
322,4.1214385e-08,0.99967194,5.6220945e-10,0.00032593444,2.040264e-06,3.192724e-09,5.811569e-09,3.189492e-09,3.69135e-11,6.1226e-11,
323,8.750418e-09,0.9996,1.5434162e-08,0.0003986117,1.0340714e-06,4.124388e-09,2.1340632e-07,5.0190824e-08,6.8013106e-10,9.2345775e-10,
324,2.5626452e-15,2.6742059e-18,2.2564658e-17,5.413659e-18,1.0,8.151828e-18,8.610736e-18,4.1940666e-21,9.816818e-20,5.4003835e-15,
325,0.0003665164,0.9897752,8.6764186e-07,8.358159e-05,0.009768846,4.976854e-07,4.3286647e-07,2.5902189e-06,1.3139639e-06,1.609854e-07,
326,1.7959078e-07,3.0302015e-08,9.620803e-11,0.9999963,3.5066644e-06,5.368326e-10,9.2809965e-10,2.9932767e-08,1.0714914e-08,1.3581333e-10,
327,7.8961254e-10,6.6201814e-08,9.690219e-09,0.99999774,1.9892277e-06,2.82179e-09,2.3004265e-09,1.5324588e-08,6.117088e-08,6.940292e-10,
328,7.137945e-10,5.1344028e-05,3.8608384e-11,0.9999454,2.7621304e-06,8.363428e-10,2.905301e-07,1.0126878e-08,6.671475e-08,4.9066824e-11,
329,3.2765815e-10,1.0,7.359249e-12,4.9990643e-08,4.4291873e-08,2.033951e-11,9.845802e-10,3.2283926e-10,1.5401307e-12,3.0760075e-11,
330,4.7149992e-08,0.0043913797,3.3435964e-07,0.9956039,1.9486656e-06,6.996471e-08,1.3566164e-06,8.9147005e-07,1.44136285e-08,6.8329347e-09,
331,8.980807e-05,0.9989973,1.366109e-10,0.00091179594,9.577698e-08,6.6957995e-10,1.0518919e-06,4.4213144e-11,1.0375064e-10,6.5487737e-12,
332,2.268261e-06,0.9994337,4.1927084e-09,2.0792946e-08,0.0005639548,3.5512067e-09,1.3998945e-08,2.5671087e-10,2.0774679e-11,4.2930076e-11,
333,1.2679487e-06,0.0023314464,2.3199846e-08,0.9976667,4.988311e-07,2.1876985e-09,1.2594834e-08,1.1977485e-07,3.14114e-10,3.0613154e-09,
334,1.6829415e-09,1.5848889e-07,2.7349914e-11,0.9999999,5.5492094e-11,2.0513317e-10,7.7438306e-10,6.7451975e-11,4.599445e-08,1.5828667e-12,
335,1.4435783e-07,0.00017885047,2.5535382e-10,0.9998209,1.4760138e-08,1.5306208e-10,6.1126e-08,6.512276e-09,3.5938266e-10,2.9117633e-10,
336,3.0486326e-08,0.9946175,1.6656682e-07,0.005353874,2.750036e-05,1.3345012e-08,3.4758375e-07,4.9714345e-07,1.983505e-10,1.0173751e-08,
337,9.66371e-06,0.37339684,1.27920475e-05,0.0071743517,0.61940336,1.0417068e-06,2.9203173e-07,6.389202e-07,3.4376555e-09,1.066527e-06,
338,1.2839317e-06,1.8041012e-06,1.3517429e-10,0.9999968,4.612563e-09,3.0526106e-09,8.346953e-09,6.271707e-08,2.1061105e-08,9.859564e-10,
339,2.477787e-11,7.114916e-13,5.976165e-07,1.0356987e-07,1.3320148e-09,2.7409965e-06,2.3481333e-07,2.9075448e-10,0.99999607,1.8267009e-07,
340,3.5322034e-06,4.0140656e-16,1.39613295e-11,2.5788915e-18,3.1294608e-17,2.3757031e-12,2.1555119e-08,0.9999964,9.799093e-11,5.467625e-09,
341,9.729231e-07,0.23950532,9.7711165e-08,0.76047957,1.359249e-05,1.1776019e-08,3.6690068e-07,8.1416104e-08,2.4448192e-09,4.413237e-09,
342,6.811437e-05,0.049949568,4.9160064e-08,0.9498612,5.351511e-05,3.4037377e-08,6.657294e-05,7.929615e-07,7.14642e-08,5.0405404e-08,
343,2.2218762e-10,2.5708289e-09,2.7628138e-13,1.0,2.1496545e-10,5.9378e-13,2.096767e-11,1.8381489e-11,1.0004046e-11,3.6271835e-14,
344,4.6624784e-05,0.9004716,0.0039664716,4.68041e-05,0.093791485,0.0016556426,2.066657e-05,2.3879887e-08,6.219469e-07,1.9078222e-08,
345,4.129388e-09,0.06959352,8.156959e-07,4.949372e-05,0.9301338,0.00021116866,2.42721e-06,3.1118086e-06,4.765985e-06,9.015414e-07,
346,7.674373e-08,4.551719e-06,3.4887385e-10,0.9999745,2.0760626e-05,7.577466e-10,1.6510116e-07,6.888674e-09,2.7302743e-10,3.8147155e-12,
347,6.154882e-11,0.0022005518,3.205011e-10,0.99779946,8.267105e-10,8.096125e-10,5.1837146e-10,7.530591e-09,4.5913026e-12,1.3955336e-11,
348,2.1571298e-08,0.43798357,1.5597468e-08,0.56199276,3.065052e-08,2.3774184e-08,1.9118222e-08,2.3612662e-05,1.5902007e-08,8.947977e-09,
349,1.2947555e-07,0.0001110516,7.710802e-08,0.9998845,2.9015007e-08,9.862792e-08,8.684771e-10,1.5984356e-06,2.3249781e-06,1.2281201e-07,
350,8.320067e-05,0.0058726557,0.0013525703,0.93331975,0.0031255945,7.8022465e-05,0.052246332,0.0032420182,0.0003283578,0.00035160137,
351,7.143935e-07,0.9999825,1.3456123e-09,3.8254434e-06,1.1898171e-05,1.0076533e-06,6.7454593e-09,1.0502881e-07,9.206032e-09,2.580314e-09,
352,0.006098039,0.99124444,1.0380663e-08,0.0026568559,4.1297727e-07,1.3713711e-09,1.918853e-07,3.7238028e-08,9.2824806e-08,3.491581e-09,
353,1.2957245e-10,0.9999999,9.7071365e-15,1.4488162e-07,4.1883124e-09,1.3618569e-15,1.2120165e-11,6.5808866e-13,1.0072347e-17,6.6149933e-16,
354,1.1389984e-06,2.6342468e-07,4.7602117e-07,1.09150314e-07,3.963139e-10,0.99996626,1.1377091e-09,3.1581614e-05,7.300286e-08,3.313778e-10,
355,6.983143e-05,0.3939239,9.983349e-06,0.60457015,9.89388e-05,4.4620883e-06,0.00018766156,0.000120816796,0.0010135126,7.980089e-07,
356,6.167308e-08,0.00025184054,1.1493462e-08,0.9997454,2.4583474e-06,3.013047e-08,4.70651e-09,2.636115e-07,7.410075e-12,2.5924927e-09,
357,0.0009307097,0.0016376165,5.255018e-06,0.9826318,0.0036979686,2.0901694e-05,0.00010920072,1.2324486e-05,0.010948545,5.536982e-06,
358,8.565723e-08,0.0005260381,1.3204495e-07,0.9994686,4.824686e-07,3.6982083e-08,3.8398696e-08,4.702648e-06,1.0306876e-08,1.1156215e-08,
359,1.0370943e-09,0.9999989,1.14346733e-10,1.4517682e-08,6.880131e-07,5.6656346e-09,2.7002426e-07,4.570887e-08,1.2109092e-10,2.6717822e-10,
360,5.677089e-06,0.98072,5.7260636e-06,0.0062887524,0.012947133,1.10996176e-07,3.1237872e-05,6.592397e-07,6.262758e-09,6.371085e-07,
361,2.1188991e-06,0.057480223,5.7360484e-07,0.94250304,1.3551213e-05,8.670265e-09,3.8051606e-08,4.612131e-07,2.0869848e-09,1.051097e-08,
362,8.918328e-06,0.99704725,2.3510112e-09,0.002935101,8.312669e-06,2.5942986e-09,2.1031462e-07,1.846416e-07,1.2967361e-08,5.5490954e-09,
363,1.0383324e-05,0.97162634,2.1379902e-08,0.028354153,5.5794444e-06,2.484686e-08,3.3425306e-07,3.2199491e-06,1.2437744e-08,2.5530866e-08,
364,1.1150746e-10,6.951123e-08,7.725734e-12,0.99999964,2.600465e-07,1.2475905e-11,1.6717037e-11,5.088728e-10,1.1891328e-09,1.7952318e-11,
365,5.5122355e-11,0.9999999,1.0851342e-10,7.882449e-10,1.0834297e-07,2.6992202e-09,8.7031486e-11,7.5417615e-12,1.1004176e-11,9.777865e-14,
366,3.82356e-06,2.5963666e-06,1.7620317e-13,0.99999356,7.7266377e-10,3.7204997e-10,6.9334627e-10,1.0747405e-09,1.6977333e-08,1.9598953e-11,
367,4.961109e-12,0.9999851,1.3024553e-13,1.4908851e-05,9.6480574e-11,9.080865e-15,1.1140746e-13,1.8990648e-15,2.438745e-15,1.3326713e-16,
368,2.156535e-13,0.99999857,2.2339231e-11,8.6721505e-11,1.3454704e-06,9.197093e-12,9.030275e-08,1.7727565e-10,4.1236847e-14,2.4828542e-12,
369,2.8609897e-05,0.0021399928,4.853788e-11,0.9978277,2.6251436e-07,2.8449488e-08,9.003485e-09,9.0690655e-09,3.3503634e-06,7.4504214e-10,
370,2.5911135e-07,0.99890196,3.2569671e-06,1.541191e-05,0.0006811016,3.196603e-07,9.473362e-07,0.00039633265,3.9677847e-08,3.1718778e-07,
371,0.19703081,0.0012153635,8.553919e-07,0.8012164,2.926322e-05,3.92052e-06,3.484322e-05,2.823131e-06,0.00046519827,3.9131257e-07,
372,2.1661342e-10,1.0,2.6181941e-14,2.7016414e-09,2.7129848e-10,1.8298836e-14,5.0158736e-12,9.364836e-14,1.1324824e-16,6.389568e-17,
373,8.305257e-09,5.6062636e-05,2.5667326e-12,0.9999423,1.6482517e-06,5.622103e-10,6.595584e-10,2.9269684e-10,2.297614e-10,1.4386159e-11,
374,8.326977e-08,3.6599937e-05,6.270613e-11,0.9999633,6.743713e-08,2.5979239e-09,6.50148e-11,2.464249e-12,3.558748e-11,1.4374932e-12,
375,0.0031867595,0.9953075,1.1647788e-10,0.0005233996,0.0009804436,1.3624251e-09,1.8881202e-06,2.584063e-09,3.6442043e-12,5.2726723e-10,
376,1.923488e-08,1.0,2.0675133e-12,8.647078e-10,1.30061665e-11,2.867227e-10,8.292709e-09,6.4713547e-12,2.405161e-15,1.5503436e-15,
377,2.5146475e-05,7.6135436e-08,8.632738e-12,0.999974,2.8787406e-11,2.253426e-10,1.9643359e-08,4.3628498e-07,2.8886305e-07,5.6661363e-11,
378,2.7185772e-07,0.012180706,1.7374354e-07,0.98623836,7.048343e-08,9.834084e-07,4.4309186e-06,0.001573557,8.576082e-07,6.162869e-07,
379,1.4501528e-09,1.9126117e-06,2.8426844e-10,0.999998,1.2440053e-07,2.7162064e-09,1.1598889e-09,2.3355515e-10,4.6787316e-09,9.3532466e-11,
380,0.00018691752,0.8920854,3.5644923e-09,0.10762558,8.55539e-05,5.7838224e-07,6.1073583e-06,9.581742e-06,1.452398e-08,3.0989793e-07,
381,7.984725e-09,3.2230711e-12,2.462867e-08,1.0178175e-09,1.4370194e-11,0.9999821,1.4747804e-11,1.7845394e-05,1.8141157e-10,9.984965e-14,
382,0.9999912,3.0496378e-16,1.1394658e-06,1.2557905e-18,1.1551859e-11,1.5301511e-07,1.5199043e-06,2.60005e-06,2.441842e-07,3.2353794e-06,
383,7.8640744e-07,0.012624486,1.28227775e-08,0.98736995,1.8595872e-06,3.3587666e-09,1.5012392e-06,1.4330623e-06,2.6201243e-09,3.7538066e-09,
